# mesh name: boxMesh_1
# primitive scorer name: dDep
# iX, iY, iZ, total(value) [Gy], total(val^2), entry
0,0,0,0,0,0
0,1,0,0,0,0
0,2,0,1.120993323334146e-11,1.256626030959733e-22,1
0,3,0,1.120993323334146e-11,1.256626030959733e-22,1
0,4,0,0,0,0
0,5,0,0,0,0
0,6,0,1.120993323334146e-11,1.256626030959733e-22,1
0,7,0,6.396383356284486e-10,3.950479195399627e-19,2
0,8,0,1.120993323334146e-11,1.256626030959733e-22,1
0,9,0,0,0,0
0,10,0,0,0,0
0,11,0,1.312236130658188e-11,1.721963662604773e-22,1
0,12,0,1.120993323334146e-11,1.256626030959733e-22,1
0,13,0,1.120993323334146e-11,1.256626030959733e-22,1
0,14,0,0,0,0
0,15,0,0,0,0
0,16,0,2.256866942543546e-11,2.546834909775595e-22,2
0,17,0,0,0,0
0,18,0,0,0,0
0,19,0,0,0,0
0,20,0,0,0,0
0,21,0,1.120993323334146e-11,1.256626030959733e-22,1
0,22,0,1.120993323334146e-11,1.256626030959733e-22,1
0,23,0,1.120993323334146e-11,1.256626030959733e-22,1
0,24,0,0,0,0
0,25,0,1.120993323334146e-11,1.256626030959733e-22,1
0,26,0,2.241986646668292e-11,2.513252061919466e-22,2
0,27,0,2.241986646668292e-11,2.513252061919466e-22,2
0,28,0,1.120993323334146e-11,1.256626030959733e-22,1
0,29,0,0,0,0
0,30,0,0,0,0
0,31,0,1.120993323334146e-11,1.256626030959733e-22,1
0,32,0,1.120993323334146e-11,1.256626030959733e-22,1
0,33,0,0,0,0
0,34,0,0,0,0
0,35,0,1.120993323334146e-11,1.256626030959733e-22,1
0,36,0,1.18033512602663e-11,1.260147480506527e-22,2
0,37,0,0,0,0
0,38,0,1.120993323334146e-11,1.256626030959733e-22,1
0,39,0,0,0,0
0,40,0,1.120993323334146e-11,1.256626030959733e-22,1
0,41,0,0,0,0
0,42,0,0,0,0
0,43,0,1.120993323334146e-11,1.256626030959733e-22,1
0,44,0,1.120993323334146e-11,1.256626030959733e-22,1
0,45,0,0,0,0
0,46,0,2.241986646668292e-11,2.513252061919466e-22,2
0,47,0,0,0,0
0,48,0,1.120993323334146e-11,1.256626030959733e-22,1
0,49,0,0,0,0
0,50,0,0,0,0
1,0,0,1.120993323334146e-11,1.256626030959733e-22,1
1,1,0,0,0,0
1,2,0,0,0,0
1,3,0,0,0,0
1,4,0,0,0,0
1,5,0,0,0,0
1,6,0,0,0,0
1,7,0,0,0,0
1,8,0,0,0,0
1,9,0,0,0,0
1,10,0,0,0,0
1,11,0,0,0,0
1,12,0,0,0,0
1,13,0,0,0,0
1,14,0,0,0,0
1,15,0,0,0,0
1,16,0,0,0,0
1,17,0,0,0,0
1,18,0,0,0,0
1,19,0,0,0,0
1,20,0,0,0,0
1,21,0,0,0,0
1,22,0,0,0,0
1,23,0,0,0,0
1,24,0,0,0,0
1,25,0,0,0,0
1,26,0,0,0,0
1,27,0,0,0,0
1,28,0,0,0,0
1,29,0,0,0,0
1,30,0,0,0,0
1,31,0,0,0,0
1,32,0,0,0,0
1,33,0,0,0,0
1,34,0,0,0,0
1,35,0,0,0,0
1,36,0,0,0,0
1,37,0,0,0,0
1,38,0,0,0,0
1,39,0,0,0,0
1,40,0,0,0,0
1,41,0,0,0,0
1,42,0,0,0,0
1,43,0,0,0,0
1,44,0,0,0,0
1,45,0,0,0,0
1,46,0,0,0,0
1,47,0,0,0,0
1,48,0,0,0,0
1,49,0,0,0,0
1,50,0,1.120993323334146e-11,1.256626030959733e-22,1
2,0,0,0,0,0
2,1,0,0,0,0
2,2,0,0,0,0
2,3,0,0,0,0
2,4,0,0,0,0
2,5,0,0,0,0
2,6,0,0,0,0
2,7,0,0,0,0
2,8,0,0,0,0
2,9,0,0,0,0
2,10,0,0,0,0
2,11,0,0,0,0
2,12,0,0,0,0
2,13,0,0,0,0
2,14,0,0,0,0
2,15,0,0,0,0
2,16,0,0,0,0
2,17,0,0,0,0
2,18,0,0,0,0
2,19,0,2.015784046329849e-11,4.063385321437939e-22,1
2,20,0,0,0,0
2,21,0,0,0,0
2,22,0,0,0,0
2,23,0,0,0,0
2,24,0,0,0,0
2,25,0,0,0,0
2,26,0,0,0,0
2,27,0,0,0,0
2,28,0,0,0,0
2,29,0,0,0,0
2,30,0,0,0,0
2,31,0,0,0,0
2,32,0,0,0,0
2,33,0,0,0,0
2,34,0,0,0,0
2,35,0,0,0,0
2,36,0,0,0,0
2,37,0,0,0,0
2,38,0,0,0,0
2,39,0,0,0,0
2,40,0,0,0,0
2,41,0,0,0,0
2,42,0,0,0,0
2,43,0,0,0,0
2,44,0,0,0,0
2,45,0,0,0,0
2,46,0,0,0,0
2,47,0,0,0,0
2,48,0,0,0,0
2,49,0,0,0,0
2,50,0,1.120993323334146e-11,1.256626030959733e-22,1
3,0,0,1.120993323334146e-11,1.256626030959733e-22,1
3,1,0,0,0,0
3,2,0,0,0,0
3,3,0,0,0,0
3,4,0,0,0,0
3,5,0,0,0,0
3,6,0,0,0,0
3,7,0,0,0,0
3,8,0,0,0,0
3,9,0,0,0,0
3,10,0,0,0,0
3,11,0,0,0,0
3,12,0,0,0,0
3,13,0,0,0,0
3,14,0,0,0,0
3,15,0,0,0,0
3,16,0,0,0,0
3,17,0,0,0,0
3,18,0,0,0,0
3,19,0,0,0,0
3,20,0,0,0,0
3,21,0,0,0,0
3,22,0,0,0,0
3,23,0,1.057598741631475e-09,1.058531041769488e-18,2
3,24,0,0,0,0
3,25,0,0,0,0
3,26,0,0,0,0
3,27,0,0,0,0
3,28,0,0,0,0
3,29,0,0,0,0
3,30,0,0,0,0
3,31,0,0,0,0
3,32,0,0,0,0
3,33,0,0,0,0
3,34,0,0,0,0
3,35,0,0,0,0
3,36,0,0,0,0
3,37,0,0,0,0
3,38,0,0,0,0
3,39,0,0,0,0
3,40,0,0,0,0
3,41,0,0,0,0
3,42,0,0,0,0
3,43,0,0,0,0
3,44,0,0,0,0
3,45,0,0,0,0
3,46,0,0,0,0
3,47,0,0,0,0
3,48,0,0,0,0
3,49,0,0,0,0
3,50,0,0,0,0
4,0,0,0,0,0
4,1,0,0,0,0
4,2,0,0,0,0
4,3,0,0,0,0
4,4,0,0,0,0
4,5,0,0,0,0
4,6,0,0,0,0
4,7,0,0,0,0
4,8,0,0,0,0
4,9,0,0,0,0
4,10,0,0,0,0
4,11,0,0,0,0
4,12,0,0,0,0
4,13,0,0,0,0
4,14,0,0,0,0
4,15,0,0,0,0
4,16,0,0,0,0
4,17,0,0,0,0
4,18,0,0,0,0
4,19,0,0,0,0
4,20,0,0,0,0
4,21,0,0,0,0
4,22,0,0,0,0
4,23,0,1.183532473108332e-10,1.1605352354604e-20,2
4,24,0,0,0,0
4,25,0,0,0,0
4,26,0,0,0,0
4,27,0,0,0,0
4,28,0,0,0,0
4,29,0,0,0,0
4,30,0,0,0,0
4,31,0,0,0,0
4,32,0,0,0,0
4,33,0,0,0,0
4,34,0,0,0,0
4,35,0,0,0,0
4,36,0,0,0,0
4,37,0,0,0,0
4,38,0,0,0,0
4,39,0,0,0,0
4,40,0,0,0,0
4,41,0,0,0,0
4,42,0,0,0,0
4,43,0,0,0,0
4,44,0,0,0,0
4,45,0,0,0,0
4,46,0,0,0,0
4,47,0,0,0,0
4,48,0,0,0,0
4,49,0,0,0,0
4,50,0,0,0,0
5,0,0,0,0,0
5,1,0,0,0,0
5,2,0,0,0,0
5,3,0,0,0,0
5,4,0,0,0,0
5,5,0,0,0,0
5,6,0,0,0,0
5,7,0,0,0,0
5,8,0,0,0,0
5,9,0,0,0,0
5,10,0,0,0,0
5,11,0,1.120993323334146e-11,1.256626030959733e-22,1
5,12,0,0,0,0
5,13,0,0,0,0
5,14,0,0,0,0
5,15,0,0,0,0
5,16,0,0,0,0
5,17,0,0,0,0
5,18,0,0,0,0
5,19,0,4.136233355204145e-11,1.710842636870333e-21,1
5,20,0,1.935247348567383e-09,3.745182300137088e-18,1
5,21,0,0,0,0
5,22,0,0,0,0
5,23,0,0,0,0
5,24,0,0,0,0
5,25,0,0,0,0
5,26,0,0,0,0
5,27,0,0,0,0
5,28,0,0,0,0
5,29,0,0,0,0
5,30,0,0,0,0
5,31,0,2.717361744653539e-06,7.384054851306525e-12,1
5,32,0,0,0,0
5,33,0,0,0,0
5,34,0,0,0,0
5,35,0,0,0,0
5,36,0,0,0,0
5,37,0,0,0,0
5,38,0,0,0,0
5,39,0,0,0,0
5,40,0,3.330152312436696e-10,1.108991442402747e-19,1
5,41,0,0,0,0
5,42,0,0,0,0
5,43,0,0,0,0
5,44,0,0,0,0
5,45,0,0,0,0
5,46,0,0,0,0
5,47,0,0,0,0
5,48,0,0,0,0
5,49,0,0,0,0
5,50,0,0,0,0
6,0,0,3.362979970002438e-11,3.769878092879199e-22,3
6,1,0,0,0,0
6,2,0,0,0,0
6,3,0,0,0,0
6,4,0,0,0,0
6,5,0,0,0,0
6,6,0,0,0,0
6,7,0,0,0,0
6,8,0,0,0,0
6,9,0,0,0,0
6,10,0,0,0,0
6,11,0,7.138130574490696e-10,5.095290809847888e-19,1
6,12,0,0,0,0
6,13,0,1.055426759984787e-10,1.113925645691986e-20,1
6,14,0,2.543720820532081e-10,6.470515612808405e-20,1
6,15,0,0,0,0
6,16,0,0,0,0
6,17,0,3.463905610763438e-10,1.199864208027843e-19,1
6,18,0,0,0,0
6,19,0,0,0,0
6,20,0,0,0,0
6,21,0,0,0,0
6,22,0,0,0,0
6,23,0,0,0,0
6,24,0,0,0,0
6,25,0,0,0,0
6,26,0,0,0,0
6,27,0,3.055615842968923e-11,9.336788179802683e-22,1
6,28,0,0,0,0
6,29,0,0,0,0
6,30,0,4.291224063783801e-09,1.841460396559715e-17,1
6,31,0,1.361524734263832e-09,1.853749602012197e-18,1
6,32,0,0,0,0
6,33,0,0,0,0
6,34,0,0,0,0
6,35,0,0,0,0
6,36,0,0,0,0
6,37,0,0,0,0
6,38,0,0,0,0
6,39,0,0,0,0
6,40,0,0,0,0
6,41,0,0,0,0
6,42,0,0,0,0
6,43,0,0,0,0
6,44,0,0,0,0
6,45,0,0,0,0
6,46,0,0,0,0
6,47,0,0,0,0
6,48,0,0,0,0
6,49,0,0,0,0
6,50,0,0,0,0
7,0,0,0,0,0
7,1,0,0,0,0
7,2,0,0,0,0
7,3,0,0,0,0
7,4,0,0,0,0
7,5,0,0,0,0
7,6,0,7.203770116538984e-08,5.189430389194009e-15,1
7,7,0,0,0,0
7,8,0,0,0,0
7,9,0,0,0,0
7,10,0,0,0,0
7,11,0,0,0,0
7,12,0,0,0,0
7,13,0,0,0,0
7,14,0,0,0,0
7,15,0,0,0,0
7,16,0,0,0,0
7,17,0,0,0,0
7,18,0,0,0,0
7,19,0,0,0,0
7,20,0,2.634151522295559e-10,6.938754242412011e-20,1
7,21,0,0,0,0
7,22,0,1.113190624861689e-10,1.239193367279957e-20,1
7,23,0,0,0,0
7,24,0,1.108055211740499e-10,1.227786352265282e-20,1
7,25,0,0,0,0
7,26,0,0,0,0
7,27,0,0,0,0
7,28,0,0,0,0
7,29,0,0,0,0
7,30,0,5.232468733083089e-09,2.726166911761153e-17,2
7,31,0,1.154447248147689e-08,1.332748448755772e-16,1
7,32,0,0,0,0
7,33,0,0,0,0
7,34,0,0,0,0
7,35,0,0,0,0
7,36,0,0,0,0
7,37,0,0,0,0
7,38,0,0,0,0
7,39,0,0,0,0
7,40,0,0,0,0
7,41,0,0,0,0
7,42,0,0,0,0
7,43,0,0,0,0
7,44,0,0,0,0
7,45,0,0,0,0
7,46,0,0,0,0
7,47,0,0,0,0
7,48,0,0,0,0
7,49,0,0,0,0
7,50,0,1.120993323334146e-11,1.256626030959733e-22,1
8,0,0,1.18033512602663e-11,1.260147480506527e-22,2
8,1,0,0,0,0
8,2,0,0,0,0
8,3,0,0,0,0
8,4,0,0,0,0
8,5,0,0,0,0
8,6,0,0,0,0
8,7,0,0,0,0
8,8,0,0,0,0
8,9,0,0,0,0
8,10,0,0,0,0
8,11,0,0,0,0
8,12,0,0,0,0
8,13,0,0,0,0
8,14,0,0,0,0
8,15,0,0,0,0
8,16,0,0,0,0
8,17,0,0,0,0
8,18,0,0,0,0
8,19,0,0,0,0
8,20,0,0,0,0
8,21,0,0,0,0
8,22,0,0,0,0
8,23,0,3.727044398485545e-11,1.389085994828248e-21,1
8,24,0,0,0,0
8,25,0,0,0,0
8,26,0,0,0,0
8,27,0,0,0,0
8,28,0,0,0,0
8,29,0,0,0,0
8,30,0,6.323213681627131e-09,3.998303126351653e-17,1
8,31,0,0,0,0
8,32,0,0,0,0
8,33,0,0,0,0
8,34,0,0,0,0
8,35,0,0,0,0
8,36,0,0,0,0
8,37,0,0,0,0
8,38,0,0,0,0
8,39,0,0,0,0
8,40,0,0,0,0
8,41,0,0,0,0
8,42,0,0,0,0
8,43,0,0,0,0
8,44,0,0,0,0
8,45,0,0,0,0
8,46,0,0,0,0
8,47,0,0,0,0
8,48,0,0,0,0
8,49,0,0,0,0
8,50,0,1.18033512602663e-11,1.260147480506527e-22,2
9,0,0,1.120993323334146e-11,1.256626030959733e-22,1
9,1,0,0,0,0
9,2,0,0,0,0
9,3,0,0,0,0
9,4,0,0,0,0
9,5,0,0,0,0
9,6,0,0,0,0
9,7,0,0,0,0
9,8,0,0,0,0
9,9,0,0,0,0
9,10,0,0,0,0
9,11,0,0,0,0
9,12,0,0,0,0
9,13,0,0,0,0
9,14,0,0,0,0
9,15,0,0,0,0
9,16,0,0,0,0
9,17,0,0,0,0
9,18,0,0,0,0
9,19,0,0,0,0
9,20,0,0,0,0
9,21,0,0,0,0
9,22,0,0,0,0
9,23,0,0,0,0
9,24,0,0,0,0
9,25,0,0,0,0
9,26,0,0,0,0
9,27,0,0,0,0
9,28,0,0,0,0
9,29,0,0,0,0
9,30,0,1.154447248147685e-08,1.332748448755762e-16,1
9,31,0,0,0,0
9,32,0,0,0,0
9,33,0,0,0,0
9,34,0,0,0,0
9,35,0,0,0,0
9,36,0,0,0,0
9,37,0,0,0,0
9,38,0,0,0,0
9,39,0,0,0,0
9,40,0,0,0,0
9,41,0,0,0,0
9,42,0,0,0,0
9,43,0,0,0,0
9,44,0,0,0,0
9,45,0,0,0,0
9,46,0,0,0,0
9,47,0,0,0,0
9,48,0,0,0,0
9,49,0,0,0,0
9,50,0,1.159780578619195e-11,1.345090990542274e-22,1
10,0,0,1.120993323334146e-11,1.256626030959733e-22,1
10,1,0,0,0,0
10,2,0,0,0,0
10,3,0,0,0,0
10,4,0,5.060432838257754e-10,2.560798051051744e-19,1
10,5,0,0,0,0
10,6,0,0,0,0
10,7,0,0,0,0
10,8,0,1.946226341061506e-09,3.787796970641659e-18,1
10,9,0,0,0,0
10,10,0,0,0,0
10,11,0,0,0,0
10,12,0,4.220651353282186e-10,1.781389784596275e-19,1
10,13,0,0,0,0
10,14,0,0,0,0
10,15,0,0,0,0
10,16,0,0,0,0
10,17,0,0,0,0
10,18,0,0,0,0
10,19,0,0,0,0
10,20,0,0,0,0
10,21,0,0,0,0
10,22,0,0,0,0
10,23,0,0,0,0
10,24,0,0,0,0
10,25,0,0,0,0
10,26,0,0,0,0
10,27,0,2.045449899947466e-10,4.1838652931951e-20,1
10,28,0,1.648853247270075e-10,1.404829169545528e-20,2
10,29,0,0,0,0
10,30,0,1.154447248147687e-08,1.332748448755768e-16,1
10,31,0,0,0,0
10,32,0,0,0,0
10,33,0,0,0,0
10,34,0,0,0,0
10,35,0,0,0,0
10,36,0,3.919000130807348e-11,1.535856202526802e-21,1
10,37,0,2.441050688939162e-10,5.958728465970358e-20,1
10,38,0,0,0,0
10,39,0,0,0,0
10,40,0,0,0,0
10,41,0,0,0,0
10,42,0,0,0,0
10,43,0,0,0,0
10,44,0,0,0,0
10,45,0,1.329213273590186e-10,1.766807926688339e-20,1
10,46,0,0,0,0
10,47,0,0,0,0
10,48,0,0,0,0
10,49,0,0,0,0
10,50,0,0,0,0
11,0,0,0,0,0
11,1,0,0,0,0
11,2,0,0,0,0
11,3,0,0,0,0
11,4,0,0,0,0
11,5,0,0,0,0
11,6,0,0,0,0
11,7,0,0,0,0
11,8,0,0,0,0
11,9,0,0,0,0
11,10,0,0,0,0
11,11,0,0,0,0
11,12,0,1.120993323334146e-11,1.256626030959733e-22,1
11,13,0,0,0,0
11,14,0,0,0,0
11,15,0,0,0,0
11,16,0,0,0,0
11,17,0,0,0,0
11,18,0,0,0,0
11,19,0,0,0,0
11,20,0,3.627936045437631e-11,1.316191994978563e-21,1
11,21,0,0,0,0
11,22,0,0,0,0
11,23,0,0,0,0
11,24,0,2.798637767291164e-11,7.83237335250847e-22,1
11,25,0,0,0,0
11,26,0,0,0,0
11,27,0,0,0,0
11,28,0,0,0,0
11,29,0,9.517039145338295e-09,9.057403409390146e-17,1
11,30,0,1.154447248147687e-08,1.332748448755768e-16,1
11,31,0,3.969167323849023e-10,1.575428924471082e-19,1
11,32,0,0,0,0
11,33,0,0,0,0
11,34,0,0,0,0
11,35,0,0,0,0
11,36,0,0,0,0
11,37,0,0,0,0
11,38,0,0,0,0
11,39,0,0,0,0
11,40,0,0,0,0
11,41,0,0,0,0
11,42,0,0,0,0
11,43,0,0,0,0
11,44,0,0,0,0
11,45,0,0,0,0
11,46,0,0,0,0
11,47,0,0,0,0
11,48,0,0,0,0
11,49,0,0,0,0
11,50,0,0,0,0
12,0,0,0,0,0
12,1,0,1.120993323334146e-11,1.256626030959733e-22,1
12,2,0,0,0,0
12,3,0,0,0,0
12,4,0,0,0,0
12,5,0,0,0,0
12,6,0,0,0,0
12,7,0,0,0,0
12,8,0,0,0,0
12,9,0,0,0,0
12,10,0,0,0,0
12,11,0,0,0,0
12,12,0,0,0,0
12,13,0,4.080087820819972e-10,1.664711662560347e-19,1
12,14,0,5.55743530714119e-10,3.088508719305949e-19,1
12,15,0,1.120993323334146e-11,1.256626030959733e-22,1
12,16,0,0,0,0
12,17,0,0,0,0
12,18,0,0,0,0
12,19,0,0,0,0
12,20,0,0,0,0
12,21,0,3.067692469642408e-06,9.406981202110713e-12,2
12,22,0,0,0,0
12,23,0,0,0,0
12,24,0,0,0,0
12,25,0,0,0,0
12,26,0,0,0,0
12,27,0,0,0,0
12,28,0,2.665461254812134e-11,7.104683700904673e-22,1
12,29,0,2.027433336138581e-09,4.110485932486017e-18,1
12,30,0,0,0,0
12,31,0,0,0,0
12,32,0,0,0,0
12,33,0,2.058494288456019e-10,4.237398735606051e-20,1
12,34,0,0,0,0
12,35,0,0,0,0
12,36,0,0,0,0
12,37,0,0,0,0
12,38,0,0,0,0
12,39,0,1.120993323334146e-11,1.256626030959733e-22,1
12,40,0,6.53167695541851e-12,4.266280384994521e-23,1
12,41,0,0,0,0
12,42,0,0,0,0
12,43,0,0,0,0
12,44,0,2.461735683263221e-10,6.060142574251438e-20,1
12,45,0,0,0,0
12,46,0,0,0,0
12,47,0,0,0,0
12,48,0,0,0,0
12,49,0,0,0,0
12,50,0,0,0,0
13,0,0,2.241986646668292e-11,2.513252061919466e-22,2
13,1,0,0,0,0
13,2,0,4.857109292988657e-11,2.359151068403677e-21,1
13,3,0,0,0,0
13,4,0,0,0,0
13,5,0,0,0,0
13,6,0,0,0,0
13,7,0,0,0,0
13,8,0,0,0,0
13,9,0,6.703344864088192e-11,4.493483236689755e-21,1
13,10,0,0,0,0
13,11,0,0,0,0
13,12,0,0,0,0
13,13,0,0,0,0
13,14,0,1.232132419426851e-09,1.518150299002666e-18,1
13,15,0,1.463203683329636e-10,2.140965018909414e-20,1
13,16,0,7.609706009033345e-13,5.79076255439182e-25,1
13,17,0,0,0,0
13,18,0,0,0,0
13,19,0,0,0,0
13,20,0,4.024746364503396e-11,1.61985832985833e-21,1
13,21,0,1.549265084207019e-09,2.400222301142982e-18,1
13,22,0,2.038279139660461e-11,4.154581851174989e-22,1
13,23,0,0,0,0
13,24,0,0,0,0
13,25,0,0,0,0
13,26,0,5.690607452128518e-09,3.238301317422063e-17,1
13,27,0,5.551478822723586e-10,3.081891711914845e-19,1
13,28,0,1.736493204222879e-09,2.113867959356723e-18,2
13,29,0,1.154447248147687e-08,1.332748448755768e-16,1
13,30,0,0,0,0
13,31,0,0,0,0
13,32,0,0,0,0
13,33,0,1.120993323334146e-11,1.256626030959733e-22,1
13,34,0,0,0,0
13,35,0,0,0,0
13,36,0,0,0,0
13,37,0,0,0,0
13,38,0,0,0,0
13,39,0,0,0,0
13,40,0,3.769676278413902e-10,1.08236016595264e-19,2
13,41,0,0,0,0
13,42,0,0,0,0
13,43,0,0,0,0
13,44,0,0,0,0
13,45,0,0,0,0
13,46,0,1.317215757226169e-10,1.735057351084911e-20,1
13,47,0,7.26398869372698e-10,5.276553174259338e-19,1
13,48,0,0,0,0
13,49,0,0,0,0
13,50,0,0,0,0
14,0,0,2.241986646668292e-11,2.513252061919466e-22,2
14,1,0,0,0,0
14,2,0,0,0,0
14,3,0,0,0,0
14,4,0,0,0,0
14,5,0,1.120745021889758e-10,1.256069404090674e-20,1
14,6,0,0,0,0
14,7,0,0,0,0
14,8,0,0,0,0
14,9,0,0,0,0
14,10,0,0,0,0
14,11,0,0,0,0
14,12,0,0,0,0
14,13,0,0,0,0
14,14,0,1.120993323334146e-11,1.256626030959733e-22,1
14,15,0,0,0,0
14,16,0,0,0,0
14,17,0,0,0,0
14,18,0,0,0,0
14,19,0,0,0,0
14,20,0,0,0,0
14,21,0,1.115971743059535e-08,1.245392931307337e-16,1
14,22,0,0,0,0
14,23,0,0,0,0
14,24,0,0,0,0
14,25,0,0,0,0
14,26,0,1.07794366832531e-08,1.161962552082626e-16,1
14,27,0,0,0,0
14,28,0,0,0,0
14,29,0,1.154447248147687e-08,1.332748448755768e-16,1
14,30,0,0,0,0
14,31,0,0,0,0
14,32,0,0,0,0
14,33,0,0,0,0
14,34,0,0,0,0
14,35,0,0,0,0
14,36,0,0,0,0
14,37,0,2.045252923455708e-10,4.183059520904122e-20,1
14,38,0,0,0,0
14,39,0,0,0,0
14,40,0,0,0,0
14,41,0,0,0,0
14,42,0,0,0,0
14,43,0,0,0,0
14,44,0,0,0,0
14,45,0,0,0,0
14,46,0,0,0,0
14,47,0,0,0,0
14,48,0,0,0,0
14,49,0,0,0,0
14,50,0,0,0,0
15,0,0,1.225262984021819e-11,1.267498193099656e-22,2
15,1,0,0,0,0
15,2,0,0,0,0
15,3,0,0,0,0
15,4,0,0,0,0
15,5,0,0,0,0
15,6,0,0,0,0
15,7,0,0,0,0
15,8,0,0,0,0
15,9,0,0,0,0
15,10,0,0,0,0
15,11,0,0,0,0
15,12,0,0,0,0
15,13,0,3.630436004508357e-06,1.31800655828306e-11,1
15,14,0,2.462075133446837e-09,6.06181396273726e-18,1
15,15,0,0,0,0
15,16,0,4.154849997174667e-10,1.726277849902233e-19,1
15,17,0,5.221827640916376e-09,2.720534080208844e-17,2
15,18,0,2.339061651068711e-10,5.471209407500281e-20,1
15,19,0,0,0,0
15,20,0,0,0,0
15,21,0,0,0,0
15,22,0,1.455065437042549e-08,2.117215426075823e-16,1
15,23,0,0,0,0
15,24,0,1.25346191088788e-08,1.551367230693687e-16,2
15,25,0,8.455650201294052e-09,7.149802032664415e-17,1
15,26,0,1.120993323334146e-11,1.256626030959733e-22,1
15,27,0,0,0,0
15,28,0,1.120993323334146e-11,1.256626030959733e-22,1
15,29,0,1.26305267824693e-08,1.344543588202809e-16,2
15,30,0,2.724665228792907e-06,7.423800608993103e-12,1
15,31,0,0,0,0
15,32,0,0,0,0
15,33,0,0,0,0
15,34,0,3.702479041043105e-10,1.370835104936347e-19,1
15,35,0,0,0,0
15,36,0,0,0,0
15,37,0,0,0,0
15,38,0,0,0,0
15,39,0,0,0,0
15,40,0,0,0,0
15,41,0,0,0,0
15,42,0,0,0,0
15,43,0,0,0,0
15,44,0,0,0,0
15,45,0,0,0,0
15,46,0,3.245780656153099e-10,1.053509206785764e-19,1
15,47,0,0,0,0
15,48,0,0,0,0
15,49,0,0,0,0
15,50,0,1.120993323334146e-11,1.256626030959733e-22,1
16,0,0,1.120993323334146e-11,1.256626030959733e-22,1
16,1,0,0,0,0
16,2,0,0,0,0
16,3,0,0,0,0
16,4,0,0,0,0
16,5,0,0,0,0
16,6,0,0,0,0
16,7,0,0,0,0
16,8,0,2.42098497893132e-11,5.861168268211086e-22,1
16,9,0,1.289874106281624e-10,1.663775210055818e-20,1
16,10,0,0,0,0
16,11,0,6.782114186806204e-10,4.599707284287799e-19,1
16,12,0,1.120993323334146e-11,1.256626030959733e-22,1
16,13,0,0,0,0
16,14,0,1.518118695231717e-08,2.304684372812051e-16,1
16,15,0,2.840938786684784e-09,8.070933189690013e-18,1
16,16,0,7.320247427749339e-09,5.358602240347082e-17,1
16,17,0,0,0,0
16,18,0,0,0,0
16,19,0,0,0,0
16,20,0,7.770706817823206e-06,3.022838796047902e-11,2
16,21,0,3.071867848117112e-06,9.436372076295658e-12,1
16,22,0,3.672190421796758e-06,1.328125054822356e-11,3
16,23,0,0,0,0
16,24,0,0,0,0
16,25,0,6.909667424839737e-09,4.77435039218914e-17,1
16,26,0,1.196790420648236e-08,1.037334715323553e-16,3
16,27,0,3.215505657035733e-06,1.033796302635211e-11,2
16,28,0,9.603825341498179e-09,5.879043139677318e-17,3
16,29,0,1.154447248147687e-08,1.332748448755768e-16,1
16,30,0,1.05545625534745e-10,1.113987906952061e-20,1
16,31,0,3.531614303247344e-06,1.247229958690122e-11,1
16,32,0,0,0,0
16,33,0,0,0,0
16,34,0,1.120993323334146e-11,1.256626030959733e-22,1
16,35,0,1.583906751894212e-11,2.508760598696073e-22,1
16,36,0,0,0,0
16,37,0,0,0,0
16,38,0,0,0,0
16,39,0,0,0,0
16,40,0,0,0,0
16,41,0,0,0,0
16,42,0,0,0,0
16,43,0,8.593864019628918e-11,7.385449878787248e-21,1
16,44,0,0,0,0
16,45,0,1.168345327479592e-10,1.365030804243396e-20,1
16,46,0,0,0,0
16,47,0,0,0,0
16,48,0,0,0,0
16,49,0,0,0,0
16,50,0,0,0,0
17,0,0,0,0,0
17,1,0,0,0,0
17,2,0,0,0,0
17,3,0,0,0,0
17,4,0,0,0,0
17,5,0,0,0,0
17,6,0,0,0,0
17,7,0,0,0,0
17,8,0,0,0,0
17,9,0,0,0,0
17,10,0,0,0,0
17,11,0,0,0,0
17,12,0,0,0,0
17,13,0,0,0,0
17,14,0,1.381626977007014e-11,1.908893103593539e-22,1
17,15,0,0,0,0
17,16,0,5.983221620735703e-10,3.579894096283917e-19,1
17,17,0,0,0,0
17,18,0,0,0,0
17,19,0,0,0,0
17,20,0,2.594052208784314e-08,2.455262195781584e-16,3
17,21,0,3.256007454368663e-06,1.043376949684455e-11,5
17,22,0,3.525971993949378e-06,1.213192932603147e-11,6
17,23,0,3.040217701457398e-08,3.444799278560804e-16,3
17,24,0,3.58433127539335e-06,1.280906781044565e-11,3
17,25,0,1.204470776635962e-08,1.367344080321084e-16,2
17,26,0,4.075014089771038e-06,1.660218897249098e-11,2
17,27,0,2.998315941948082e-11,8.989898487740016e-22,1
17,28,0,3.317101064272438e-06,1.090521337354426e-11,3
17,29,0,3.046530575412597e-06,9.281348546923813e-12,1
17,30,0,3.583208940487448e-06,1.276009359311859e-11,2
17,31,0,8.841762076439495e-09,7.817675661636364e-17,1
17,32,0,9.902782057946499e-09,9.53820255859329e-17,2
17,33,0,3.358384305373834e-11,1.127874514258128e-21,1
17,34,0,0,0,0
17,35,0,1.707535162901264e-10,2.915676332544245e-20,1
17,36,0,0,0,0
17,37,0,0,0,0
17,38,0,0,0,0
17,39,0,0,0,0
17,40,0,0,0,0
17,41,0,0,0,0
17,42,0,0,0,0
17,43,0,0,0,0
17,44,0,0,0,0
17,45,0,0,0,0
17,46,0,0,0,0
17,47,0,0,0,0
17,48,0,0,0,0
17,49,0,0,0,0
17,50,0,1.249312186892471e-11,1.560780940318049e-22,1
18,0,0,0,0,0
18,1,0,0,0,0
18,2,0,0,0,0
18,3,0,0,0,0
18,4,0,0,0,0
18,5,0,0,0,0
18,6,0,0,0,0
18,7,0,0,0,0
18,8,0,0,0,0
18,9,0,0,0,0
18,10,0,0,0,0
18,11,0,0,0,0
18,12,0,0,0,0
18,13,0,0,0,0
18,14,0,0,0,0
18,15,0,0,0,0
18,16,0,5.720001784058953e-11,3.271842040963761e-21,1
18,17,0,0,0,0
18,18,0,0,0,0
18,19,0,4.113055352761239e-06,1.671852930430535e-11,3
18,20,0,8.886581775373651e-09,5.558790841523932e-17,2
18,21,0,1.70285424875085e-08,1.6472347897448e-16,3
18,22,0,6.334032208247444e-09,3.188824983867335e-17,2
18,23,0,3.036594920631731e-06,9.219901770452548e-12,2
18,24,0,2.579262197817323e-06,6.652419094599245e-12,2
18,25,0,4.30962876718602e-06,1.843852022360042e-11,6
18,26,0,3.632447127264309e-06,1.310596557241825e-11,3
18,27,0,7.035892779491741e-06,2.491571067426815e-11,2
18,28,0,2.752465381983993e-06,7.5124976280807e-12,3
18,29,0,1.406669219455805e-08,8.309297673399748e-17,5
18,30,0,2.651460873529034e-08,3.608299797062239e-16,2
18,31,0,8.001151848405094e-09,3.202111161078201e-17,2
18,32,0,2.720816599824295e-11,7.402842969879435e-22,1
18,33,0,0,0,0
18,34,0,0,0,0
18,35,0,0,0,0
18,36,0,0,0,0
18,37,0,0,0,0
18,38,0,0,0,0
18,39,0,0,0,0
18,40,0,0,0,0
18,41,0,0,0,0
18,42,0,0,0,0
18,43,0,0,0,0
18,44,0,0,0,0
18,45,0,0,0,0
18,46,0,0,0,0
18,47,0,0,0,0
18,48,0,0,0,0
18,49,0,0,0,0
18,50,0,1.120993323334146e-11,1.256626030959733e-22,1
19,0,0,2.241986646668292e-11,2.513252061919466e-22,2
19,1,0,0,0,0
19,2,0,0,0,0
19,3,0,0,0,0
19,4,0,8.369172311881511e-10,7.004304518596411e-19,1
19,5,0,5.581666896581647e-11,3.11550053443954e-21,1
19,6,0,1.227496558851276e-10,1.506747801991724e-20,1
19,7,0,0,0,0
19,8,0,0,0,0
19,9,0,0,0,0
19,10,0,0,0,0
19,11,0,0,0,0
19,12,0,0,0,0
19,13,0,0,0,0
19,14,0,0,0,0
19,15,0,0,0,0
19,16,0,7.841474034089772e-09,6.148871502730411e-17,1
19,17,0,0,0,0
19,18,0,3.36728288183976e-06,1.133806181208943e-11,2
19,19,0,8.189294985129057e-06,6.689724629536647e-11,2
19,20,0,2.586646146637314e-08,3.739947473386902e-16,2
19,21,0,1.647344222295373e-08,1.047330438787031e-16,3
19,22,0,1.376852295341547e-08,1.895722243187287e-16,1
19,23,0,2.693240010094255e-06,7.231039888517079e-12,2
19,24,0,2.885841512458147e-06,8.32267358092766e-12,2
19,25,0,2.257217572803606e-08,2.15408187662346e-16,5
19,26,0,5.959023362550713e-09,3.550995943542521e-17,1
19,27,0,6.911586115891976e-06,2.392691684679829e-11,5
19,28,0,1.233849025516897e-08,1.339053091005157e-16,2
19,29,0,2.532998527791966e-06,6.276352871367301e-12,5
19,30,0,2.674830723684025e-06,7.064446108188256e-12,3
19,31,0,4.774577196638666e-06,2.26731008153234e-11,2
19,32,0,1.649514823711988e-08,1.443079302708586e-16,2
19,33,0,1.018158458956759e-05,3.500606586648356e-11,3
19,34,0,0,0,0
19,35,0,1.753617192531221e-10,3.075173257941082e-20,1
19,36,0,0,0,0
19,37,0,0,0,0
19,38,0,0,0,0
19,39,0,1.120993323334146e-11,1.256626030959733e-22,1
19,40,0,3.618784435411915e-10,1.309560078997953e-19,1
19,41,0,0,0,0
19,42,0,1.023268195209955e-10,1.047077799328239e-20,1
19,43,0,0,0,0
19,44,0,0,0,0
19,45,0,0,0,0
19,46,0,0,0,0
19,47,0,0,0,0
19,48,0,0,0,0
19,49,0,0,0,0
19,50,0,0,0,0
20,0,0,0,0,0
20,1,0,5.777787478888983e-10,3.338282815120631e-19,1
20,2,0,1.120993323334146e-11,1.256626030959733e-22,1
20,3,0,0,0,0
20,4,0,1.120993323334146e-11,1.256626030959733e-22,1
20,5,0,1.833619151796765e-11,3.362159193835888e-22,1
20,6,0,1.034847830655541e-09,1.070910032612479e-18,1
20,7,0,3.488857998358802e-10,1.217213013271218e-19,1
20,8,0,0,0,0
20,9,0,0,0,0
20,10,0,0,0,0
20,11,0,0,0,0
20,12,0,0,0,0
20,13,0,0,0,0
20,14,0,0,0,0
20,15,0,6.509555744887267e-09,3.577576985330453e-17,2
20,16,0,9.393956386076486e-09,8.82464165835072e-17,1
20,17,0,0,0,0
20,18,0,2.016387842964271e-08,2.693397409223153e-16,2
20,19,0,9.073937240938569e-09,6.62647695839467e-17,2
20,20,0,1.483766835882948e-08,9.068037017998157e-17,3
20,21,0,3.556780651221847e-06,1.260330074410843e-11,3
20,22,0,3.251949007729206e-09,5.356619195210593e-18,2
20,23,0,9.470218245376703e-09,8.96850336150658e-17,1
20,24,0,1.117531586267912e-05,7.264547694109195e-11,2
20,25,0,9.470428068006298e-06,4.750609749716107e-11,3
20,26,0,1.629871987189721e-09,2.656482694625771e-18,1
20,27,0,1.462562794438718e-08,7.585920951802383e-17,4
20,28,0,2.711006515856372e-06,7.287228598466642e-12,2
20,29,0,3.610486836278851e-08,4.724478765850812e-16,4
20,30,0,2.087573228017025e-08,1.817115087750255e-16,3
20,31,0,2.753022626113281e-08,2.884210838298473e-16,4
20,32,0,8.559535934659758e-06,4.188419853656446e-11,6
20,33,0,1.502920822988382e-08,8.87523337072801e-17,4
20,34,0,4.82332048323949e-06,2.326323213455148e-11,2
20,35,0,1.583602913334691e-11,2.507798187122121e-22,1
20,36,0,0,0,0
20,37,0,0,0,0
20,38,0,1.120993323334146e-11,1.256626030959733e-22,1
20,39,0,6.849617147733903e-10,4.691725507053033e-19,1
20,40,0,0,0,0
20,41,0,0,0,0
20,42,0,0,0,0
20,43,0,0,0,0
20,44,0,0,0,0
20,45,0,0,0,0
20,46,0,0,0,0
20,47,0,0,0,0
20,48,0,0,0,0
20,49,0,0,0,0
20,50,0,0,0,0
21,0,0,0,0,0
21,1,0,0,0,0
21,2,0,0,0,0
21,3,0,0,0,0
21,4,0,0,0,0
21,5,0,0,0,0
21,6,0,0,0,0
21,7,0,0,0,0
21,8,0,0,0,0
21,9,0,0,0,0
21,10,0,0,0,0
21,11,0,0,0,0
21,12,0,0,0,0
21,13,0,0,0,0
21,14,0,0,0,0
21,15,0,0,0,0
21,16,0,0,0,0
21,17,0,0,0,0
21,18,0,6.371398376593325e-09,4.059471727325605e-17,1
21,19,0,3.871215080854997e-06,1.498630620223916e-11,1
21,20,0,7.135319366140535e-06,2.648368187090591e-11,4
21,21,0,3.661302434249964e-08,4.930183390587803e-16,5
21,22,0,1.315856458777468e-05,6.993598507254403e-11,4
21,23,0,3.303448066908065e-06,1.080139880689543e-11,3
21,24,0,6.606563149474829e-06,2.201777868903037e-11,2
21,25,0,5.201835424497479e-06,1.348035346776133e-11,8
21,26,0,6.470233711826533e-06,2.102481680580824e-11,5
21,27,0,5.878817977905651e-06,1.712138058008522e-11,6
21,28,0,3.745729138861931e-06,1.40224386813248e-11,3
21,29,0,6.814167958451463e-06,2.443370975117626e-11,5
21,30,0,7.861840577189881e-09,3.35142719505873e-17,3
21,31,0,2.812969481425281e-06,7.765184771099859e-12,6
21,32,0,1.266324867002542e-08,1.603578668789005e-16,1
21,33,0,3.419389709278636e-06,1.160231047320668e-11,4
21,34,0,6.498107922394387e-09,4.197673568917026e-17,2
21,35,0,3.183075685758843e-06,1.013197082126913e-11,1
21,36,0,0,0,0
21,37,0,2.50735539034218e-08,6.170542343665672e-16,2
21,38,0,1.364330683369465e-07,1.859498842929838e-14,2
21,39,0,1.120993323334146e-11,1.256626030959733e-22,1
21,40,0,9.428836615738912e-10,8.890295992629881e-19,1
21,41,0,0,0,0
21,42,0,0,0,0
21,43,0,0,0,0
21,44,0,0,0,0
21,45,0,0,0,0
21,46,0,0,0,0
21,47,0,0,0,0
21,48,0,0,0,0
21,49,0,0,0,0
21,50,0,1.120993323334146e-11,1.256626030959733e-22,1
22,0,0,2.241986646668292e-11,2.513252061919466e-22,2
22,1,0,0,0,0
22,2,0,0,0,0
22,3,0,0,0,0
22,4,0,0,0,0
22,5,0,0,0,0
22,6,0,2.004836502630816e-10,4.019369402280962e-20,1
22,7,0,5.523811743829299e-10,3.051249618126648e-19,1
22,8,0,1.120993323334146e-11,1.256626030959733e-22,1
22,9,0,0,0,0
22,10,0,4.384337254650731e-10,1.922241316251831e-19,1
22,11,0,0,0,0
22,12,0,3.855712924062761e-11,1.48665221527846e-21,1
22,13,0,0,0,0
22,14,0,0,0,0
22,15,0,0,0,0
22,16,0,4.936535915267035e-06,2.436938684272134e-11,1
22,17,0,9.135853722230644e-10,8.346382323399551e-19,1
22,18,0,2.51653506033397e-06,6.332948709890099e-12,1
22,19,0,1.843712933328855e-09,1.325112521667343e-18,3
22,20,0,5.823790434956533e-06,1.709877717433864e-11,6
22,21,0,7.958029868354539e-06,3.141261596737381e-11,6
22,22,0,6.023301204603239e-06,1.800015883947679e-11,7
22,23,0,9.561203974962989e-06,3.207151781541117e-11,7
22,24,0,1.020491598109552e-05,3.478102205933531e-11,8
22,25,0,4.231712483880056e-06,1.784883457309004e-11,3
22,26,0,9.788610788387912e-06,3.255600310413093e-11,14
22,27,0,5.124103680221317e-08,4.926394672286911e-16,7
22,28,0,3.312609992034853e-06,1.095398854886493e-11,4
22,29,0,5.883746051991501e-06,1.714176696767209e-11,7
22,30,0,4.314276389984489e-06,1.853774742875242e-11,5
22,31,0,5.678211511054952e-06,1.611403193526585e-11,5
22,32,0,1.299207577558566e-08,1.687940329585596e-16,1
22,33,0,1.44523856948782e-08,7.283673452697942e-17,4
22,34,0,1.041466262943859e-08,1.084651976850248e-16,1
22,35,0,0,0,0
22,36,0,0,0,0
22,37,0,0,0,0
22,38,0,8.198131126082124e-05,6.720935396043655e-09,1
22,39,0,0,0,0
22,40,0,0,0,0
22,41,0,0,0,0
22,42,0,0,0,0
22,43,0,0,0,0
22,44,0,0,0,0
22,45,0,0,0,0
22,46,0,0,0,0
22,47,0,0,0,0
22,48,0,3.177530741237739e-10,1.009670161151086e-19,1
22,49,0,0,0,0
22,50,0,0,0,0
23,0,0,1.120993323334146e-11,1.256626030959733e-22,1
23,1,0,0,0,0
23,2,0,0,0,0
23,3,0,0,0,0
23,4,0,0,0,0
23,5,0,0,0,0
23,6,0,0,0,0
23,7,0,0,0,0
23,8,0,0,0,0
23,9,0,0,0,0
23,10,0,0,0,0
23,11,0,0,0,0
23,12,0,0,0,0
23,13,0,0,0,0
23,14,0,0,0,0
23,15,0,3.422595027542093e-06,1.165957492587392e-11,2
23,16,0,9.850934867209057e-09,5.287521566998887e-17,2
23,17,0,4.262083682773043e-06,1.816229714618422e-11,2
23,18,0,6.33476357068389e-06,2.006530147991943e-11,6
23,19,0,5.867573209868628e-08,8.475251600075563e-16,6
23,20,0,7.07659769738029e-06,2.529495146757065e-11,4
23,21,0,2.224906678092731e-08,1.8688462894305e-16,6
23,22,0,6.929744022631296e-06,2.422624266599108e-11,7
23,23,0,1.388930297916251e-07,1.066165962088512e-14,6
23,24,0,1.000608167589497e-05,2.429657756747182e-11,38
23,25,0,3.028897478937103e-05,1.300792218659278e-10,107
23,26,0,6.342616468543701e-06,1.143487141903673e-11,37
23,27,0,6.292223044135515e-06,1.995603592989808e-11,8
23,28,0,6.779573675473738e-06,2.275520202606225e-11,7
23,29,0,2.898596097566122e-06,7.96560597556115e-12,9
23,30,0,3.475970367494649e-06,1.203561858977588e-11,6
23,31,0,2.824281486462798e-06,7.890373902672227e-12,3
23,32,0,4.27139095413361e-09,1.824478068305443e-17,1
23,33,0,2.857151193010376e-09,8.163312939720616e-18,1
23,34,0,3.239508628505098e-06,1.026730620428671e-11,2
23,35,0,0,0,0
23,36,0,0,0,0
23,37,0,0,0,0
23,38,0,0,0,0
23,39,0,0,0,0
23,40,0,0,0,0
23,41,0,3.337127812763626e-10,1.113642203872054e-19,1
23,42,0,3.908238149310613e-10,1.527432543172685e-19,1
23,43,0,0,0,0
23,44,0,0,0,0
23,45,0,0,0,0
23,46,0,0,0,0
23,47,0,0,0,0
23,48,0,0,0,0
23,49,0,0,0,0
23,50,0,1.204663310558098e-11,1.451213691804795e-22,1
24,0,0,1.120993323334146e-11,1.256626030959733e-22,1
24,1,0,0,0,0
24,2,0,0,0,0
24,3,0,0,0,0
24,4,0,0,0,0
24,5,0,0,0,0
24,6,0,0,0,0
24,7,0,0,0,0
24,8,0,0,0,0
24,9,0,0,0,0
24,10,0,0,0,0
24,11,0,0,0,0
24,12,0,0,0,0
24,13,0,2.609532422782166e-10,6.809659465551359e-20,1
24,14,0,0,0,0
24,15,0,2.5629727009675e-10,6.568829065904643e-20,1
24,16,0,1.549451425150376e-08,2.40079971890053e-16,1
24,17,0,3.939028971573214e-06,1.537023935844322e-11,4
24,18,0,2.640882136292199e-06,6.872158305707539e-12,5
24,19,0,3.767969825501565e-06,1.414651049617052e-11,2
24,20,0,6.271944017791379e-06,1.956892849165252e-11,5
24,21,0,6.316348126858105e-06,1.979070749581024e-11,6
24,22,0,4.032234931500828e-06,1.609773982284545e-11,6
24,23,0,1.034356563806725e-05,3.124990145152537e-11,37
24,24,0,0.0003040711520379796,1.574411671925618e-10,2662
24,25,0,0.00123584097627832,4.898256980748146e-10,11074
24,26,0,0.0003212993846690832,1.954741952717328e-10,2768
24,27,0,1.441472060361174e-05,3.161637202109121e-11,48
24,28,0,3.522486324385768e-06,1.225496275328367e-11,4
24,29,0,1.647488243979213e-05,2.702056621589428e-10,7
24,30,0,5.852089701262586e-06,1.72505352442472e-11,4
24,31,0,1.271197930113159e-07,8.109970978592947e-15,9
24,32,0,7.199077997225714e-06,2.584602729616477e-11,6
24,33,0,7.680089368901993e-08,4.229479356349627e-15,3
24,34,0,6.733055061996879e-06,2.30727280422263e-11,5
24,35,0,3.488361364230361e-10,1.216866500745511e-19,1
24,36,0,8.874955436639157e-11,7.876483400233092e-21,1
24,37,0,0,0,0
24,38,0,0,0,0
24,39,0,0,0,0
24,40,0,0,0,0
24,41,0,0,0,0
24,42,0,0,0,0
24,43,0,0,0,0
24,44,0,0,0,0
24,45,0,0,0,0
24,46,0,0,0,0
24,47,0,0,0,0
24,48,0,0,0,0
24,49,0,0,0,0
24,50,0,2.301328449360776e-11,2.51677351146626e-22,3
25,0,0,0,0,0
25,1,0,0,0,0
25,2,0,0,0,0
25,3,0,0,0,0
25,4,0,0,0,0
25,5,0,0,0,0
25,6,0,0,0,0
25,7,0,0,0,0
25,8,0,0,0,0
25,9,0,1.238028841926637e-10,1.53271541344221e-20,1
25,10,0,0,0,0
25,11,0,0,0,0
25,12,0,0,0,0
25,13,0,0,0,0
25,14,0,0,0,0
25,15,0,3.063324031295778e-06,9.383954120714215e-12,1
25,16,0,4.113937883285558e-09,1.692448490753206e-17,1
25,17,0,3.580946796967023e-06,1.268064304668994e-11,4
25,18,0,1.025926471019303e-09,1.05252512393812e-18,1
25,19,0,3.655379553194633e-06,1.336179967784672e-11,2
25,20,0,1.393716159795111e-05,8.285457089349778e-11,5
25,21,0,3.440753099302167e-06,1.121871991382605e-11,6
25,22,0,3.430493020987402e-06,1.154666251519205e-11,7
25,23,0,2.479527954275819e-05,5.026063920491969e-11,149
25,24,0,0.001257873479440753,4.466466026563591e-10,11206
25,25,0,0.005002782805252722,1.130704735143246e-09,45636
25,26,0,0.001274035415981328,6.185202520484798e-10,11323
25,27,0,2.414564556947538e-05,5.599965674119362e-11,111
25,28,0,4.743205487855541e-06,2.236477022724761e-11,4
25,29,0,4.841442300033212e-08,9.139790851088221e-16,4
25,30,0,6.983083315206627e-09,4.817832642330252e-17,2
25,31,0,3.549554183626109e-06,1.255827888361091e-11,5
25,32,0,6.586044903857424e-06,2.154784958659277e-11,6
25,33,0,3.983619893063538e-06,1.568382628590691e-11,3
25,34,0,1.464683762849367e-08,8.371800170559156e-17,4
25,35,0,1.078435316246721e-08,6.169763254619789e-17,2
25,36,0,2.808924291983365e-06,7.890055678094249e-12,1
25,37,0,0,0,0
25,38,0,0,0,0
25,39,0,0,0,0
25,40,0,0,0,0
25,41,0,0,0,0
25,42,0,0,0,0
25,43,0,0,0,0
25,44,0,0,0,0
25,45,0,0,0,0
25,46,0,0,0,0
25,47,0,0,0,0
25,48,0,0,0,0
25,49,0,0,0,0
25,50,0,0,0,0
26,0,0,0,0,0
26,1,0,0,0,0
26,2,0,0,0,0
26,3,0,0,0,0
26,4,0,0,0,0
26,5,0,0,0,0
26,6,0,0,0,0
26,7,0,0,0,0
26,8,0,0,0,0
26,9,0,0,0,0
26,10,0,4.976239136470697e-07,2.476295594334262e-13,1
26,11,0,0.0002231633150543729,4.980186518605732e-08,1
26,12,0,0,0,0
26,13,0,0,0,0
26,14,0,0,0,0
26,15,0,0,0,0
26,16,0,4.084189798939554e-09,1.668060631376192e-17,1
26,17,0,1.143344748950849e-08,7.82551431678634e-17,2
26,18,0,3.658576195842933e-06,1.336692045328866e-11,3
26,19,0,6.365297457608227e-06,2.105127683468546e-11,5
26,20,0,2.873889484997927e-08,1.439315231349873e-16,7
26,21,0,6.464006239924323e-06,2.069156486455412e-11,6
26,22,0,9.544333018618683e-06,3.138107649974053e-11,9
26,23,0,1.367642396329721e-05,3.808354081378382e-11,39
26,24,0,0.0003224907555661155,2.027142380402268e-10,2769
26,25,0,0.001243943192870875,4.218275300965588e-10,11146
26,26,0,0.00035668614742747,4.196181160018743e-10,2780
26,27,0,1.681603660215158e-05,5.63544533385878e-11,33
26,28,0,6.132604435738067e-06,1.868818045974871e-11,10
26,29,0,9.445137684471433e-06,3.024004289586728e-11,8
26,30,0,3.269589643418442e-06,1.068609105678236e-11,2
26,31,0,2.74886581407308e-06,7.544443365205014e-12,2
26,32,0,9.355443399179285e-09,4.76743541032522e-17,2
26,33,0,3.422866233080117e-09,1.141061842441024e-17,2
26,34,0,0,0,0
26,35,0,1.810411682005754e-09,3.277590458342904e-18,1
26,36,0,6.873352454420727e-09,4.724297396269144e-17,1
26,37,0,0,0,0
26,38,0,0,0,0
26,39,0,0,0,0
26,40,0,0,0,0
26,41,0,0,0,0
26,42,0,0,0,0
26,43,0,0,0,0
26,44,0,0,0,0
26,45,0,0,0,0
26,46,0,0,0,0
26,47,0,0,0,0
26,48,0,0,0,0
26,49,0,0,0,0
26,50,0,0,0,0
27,0,0,1.936567859071026e-10,3.750295072786936e-20,1
27,1,0,0,0,0
27,2,0,8.663496458095113e-11,7.50561708794266e-21,1
27,3,0,0,0,0
27,4,0,0,0,0
27,5,0,0,0,0
27,6,0,0,0,0
27,7,0,2.815896229611347e-10,7.929271575939399e-20,1
27,8,0,2.015818275387357e-11,4.063523319385658e-22,1
27,9,0,0,0,0
27,10,0,1.120993323334146e-11,1.256626030959733e-22,1
27,11,0,0,0,0
27,12,0,0,0,0
27,13,0,0,0,0
27,14,0,1.472017890207802e-09,1.106303579524414e-18,2
27,15,0,3.819845510662326e-06,1.459113408515218e-11,2
27,16,0,4.282459545172858e-09,1.833945975604213e-17,1
27,17,0,9.362087995657531e-09,8.764869163843484e-17,1
27,18,0,6.770784035630597e-06,2.281452435505989e-11,5
27,19,0,7.390856883026512e-06,2.776364631297758e-11,5
27,20,0,6.466674813876457e-06,1.922666445571011e-11,7
27,21,0,8.58195939379254e-06,2.465761096846388e-11,5
27,22,0,1.184051194683109e-05,5.146002496965411e-11,4
27,23,0,3.619621786525525e-08,2.858066124228745e-16,6
27,24,0,1.041273740081033e-05,3.629290299304472e-11,34
27,25,0,1.943760143742063e-05,2.94752278840333e-11,127
27,26,0,7.881393004556766e-06,3.335581129215604e-11,34
27,27,0,8.226929426055303e-06,3.784736713353709e-11,5
27,28,0,2.571358117163948e-06,6.587211863130912e-12,4
27,29,0,5.977838715899081e-06,1.774018207943917e-11,7
27,30,0,1.02539025051412e-05,3.505355149581518e-11,6
27,31,0,7.120776721576037e-06,2.520860905189889e-11,5
27,32,0,1.410416337210667e-08,9.902856064777183e-17,3
27,33,0,5.417455498820793e-06,1.467496056101171e-11,5
27,34,0,0,0,0
27,35,0,0,0,0
27,36,0,3.985021842136609e-10,1.588039908230585e-19,1
27,37,0,0,0,0
27,38,0,0,0,0
27,39,0,0,0,0
27,40,0,0,0,0
27,41,0,0,0,0
27,42,0,0,0,0
27,43,0,0,0,0
27,44,0,0,0,0
27,45,0,2.765422454993081e-10,7.647561354579961e-20,1
27,46,0,0,0,0
27,47,0,0,0,0
27,48,0,0,0,0
27,49,0,0,0,0
27,50,0,0,0,0
28,0,0,2.241986646668292e-11,2.513252061919466e-22,2
28,1,0,0,0,0
28,2,0,0,0,0
28,3,0,0,0,0
28,4,0,0,0,0
28,5,0,0,0,0
28,6,0,0,0,0
28,7,0,0,0,0
28,8,0,0,0,0
28,9,0,0,0,0
28,10,0,0,0,0
28,11,0,0,0,0
28,12,0,0,0,0
28,13,0,3.435790809716131e-06,1.180465848812983e-11,1
28,14,0,0,0,0
28,15,0,0,0,0
28,16,0,1.957023830312793e-10,3.829942272412157e-20,1
28,17,0,0,0,0
28,18,0,3.498045072049615e-06,1.22363193260906e-11,1
28,19,0,0.0001482706082561145,2.023569005059916e-08,6
28,20,0,3.578122545009101e-06,9.955539694458632e-12,4
28,21,0,2.724301693658431e-06,6.876400367511514e-12,6
28,22,0,1.538784320917756e-05,6.225180512329019e-11,8
28,23,0,5.268188920631034e-06,1.371999761327729e-11,8
28,24,0,3.058095533299835e-06,9.166011557523832e-12,6
28,25,0,5.552021917438743e-06,1.527496975938789e-11,7
28,26,0,1.044781532777195e-05,3.637540244598299e-11,9
28,27,0,9.351506298505468e-06,4.405705612111117e-11,7
28,28,0,4.684156144131141e-06,2.146964384739497e-11,6
28,29,0,2.601803074453319e-06,6.684399087896093e-12,5
28,30,0,3.643553187701805e-06,1.32183142192009e-11,3
28,31,0,3.396268043369379e-06,1.153361982652116e-11,3
28,32,0,4.187720974443057e-09,1.345758786342651e-17,2
28,33,0,0,0,0
28,34,0,0,0,0
28,35,0,0,0,0
28,36,0,0,0,0
28,37,0,1.970834533381322e-17,3.884188757968375e-34,1
28,38,0,0,0,0
28,39,0,9.618476173207946e-10,7.869382259259213e-19,2
28,40,0,0,0,0
28,41,0,0,0,0
28,42,0,0,0,0
28,43,0,0,0,0
28,44,0,0,0,0
28,45,0,0,0,0
28,46,0,0,0,0
28,47,0,0,0,0
28,48,0,0,0,0
28,49,0,0,0,0
28,50,0,0,0,0
29,0,0,2.241986646668292e-11,2.513252061919466e-22,2
29,1,0,0,0,0
29,2,0,0,0,0
29,3,0,0,0,0
29,4,0,0,0,0
29,5,0,0,0,0
29,6,0,0,0,0
29,7,0,0,0,0
29,8,0,0,0,0
29,9,0,0,0,0
29,10,0,0,0,0
29,11,0,0,0,0
29,12,0,0,0,0
29,13,0,0,0,0
29,14,0,0,0,0
29,15,0,4.791613809198554e-09,2.295956289650227e-17,1
29,16,0,6.767480739112195e-09,2.367849856986341e-17,2
29,17,0,3.542427296130096e-06,1.23473585804094e-11,4
29,18,0,5.981788395654757e-06,3.57811710598751e-11,2
29,19,0,2.916220743350169e-06,8.504213179674948e-12,3
29,20,0,4.336858772634533e-09,1.516840903648103e-17,2
29,21,0,1.0560342851904e-05,3.876935672443327e-11,6
29,22,0,2.733767791577487e-06,7.013047785701275e-12,4
29,23,0,3.531796138840111e-06,1.226432632066462e-11,5
29,24,0,3.014082111306603e-06,9.021435538483935e-12,4
29,25,0,5.83280332213413e-06,1.698519205679031e-11,5
29,26,0,2.541947509664692e-06,6.36122042251483e-12,4
29,27,0,2.08853086413606e-08,2.531774426179969e-16,3
29,28,0,9.578110273831945e-06,4.854890498812985e-11,7
29,29,0,3.53317374039466e-08,3.841436784843184e-16,5
29,30,0,3.383196608382127e-06,1.144601929096832e-11,1
29,31,0,5.884543750475003e-09,3.462785515125442e-17,1
29,32,0,0,0,0
29,33,0,1.425454522413767e-08,2.031920595469862e-16,1
29,34,0,4.126793657857737e-06,1.693280097256674e-11,2
29,35,0,6.658596094864637e-09,4.433690195454659e-17,1
29,36,0,2.893668434807879e-06,8.373317010603482e-12,1
29,37,0,0,0,0
29,38,0,0,0,0
29,39,0,0,0,0
29,40,0,0,0,0
29,41,0,0,0,0
29,42,0,0,0,0
29,43,0,0,0,0
29,44,0,0,0,0
29,45,0,0,0,0
29,46,0,0,0,0
29,47,0,0,0,0
29,48,0,0,0,0
29,49,0,0,0,0
29,50,0,0,0,0
30,0,0,0,0,0
30,1,0,0,0,0
30,2,0,0,0,0
30,3,0,0,0,0
30,4,0,0,0,0
30,5,0,0,0,0
30,6,0,0,0,0
30,7,0,0,0,0
30,8,0,0,0,0
30,9,0,0,0,0
30,10,0,0,0,0
30,11,0,0,0,0
30,12,0,5.100329153454486e-10,2.601335747357776e-19,1
30,13,0,1.120993323334146e-11,1.256626030959733e-22,1
30,14,0,0,0,0
30,15,0,8.875759250598936e-06,4.45962412460516e-11,2
30,16,0,1.106080253040575e-08,1.223413526166302e-16,1
30,17,0,5.769012094309798e-09,1.626764301293321e-17,3
30,18,0,3.023621560839121e-09,5.862019407263632e-18,2
30,19,0,0,0,0
30,20,0,1.637959994689734e-08,1.343747983488912e-16,2
30,21,0,3.888649140904031e-06,1.501949428355673e-11,4
30,22,0,4.44559374898279e-09,1.976330378099485e-17,1
30,23,0,3.362750803518868e-06,1.121526393034248e-11,5
30,24,0,3.218950486999033e-06,1.03164288639038e-11,4
30,25,0,2.929710392417022e-06,8.537218891832768e-12,4
30,26,0,8.492637111724705e-09,4.446914440962138e-17,3
30,27,0,3.573511105536472e-06,1.270793681791121e-11,2
30,28,0,7.566078049479941e-09,5.724553705082216e-17,1
30,29,0,1.147536950147824e-05,4.386957974728638e-11,6
30,30,0,4.026155739456004e-06,1.616231018758706e-11,2
30,31,0,6.746224079335193e-06,2.27788230433124e-11,5
30,32,0,5.989701986094946e-08,1.393975956311074e-15,3
30,33,0,3.576617373898605e-09,8.175341215323675e-18,2
30,34,0,9.130771462292622e-09,8.337098749661735e-17,1
30,35,0,1.303392406160482e-09,1.688867126163336e-18,2
30,36,0,5.197532127251757e-09,2.701434021381417e-17,1
30,37,0,0,0,0
30,38,0,4.661999316927277e-10,2.17342376310304e-19,1
30,39,0,0,0,0
30,40,0,1.120993323334146e-11,1.256626030959733e-22,1
30,41,0,7.440158761948592e-10,5.535596240300041e-19,1
30,42,0,0,0,0
30,43,0,0,0,0
30,44,0,0,0,0
30,45,0,0,0,0
30,46,0,0,0,0
30,47,0,4.26989017676853e-10,1.823196212166439e-19,1
30,48,0,0,0,0
30,49,0,1.120993323334146e-11,1.256626030959733e-22,1
30,50,0,6.338722023353544e-10,4.017939688934725e-19,1
31,0,0,0,0,0
31,1,0,0,0,0
31,2,0,0,0,0
31,3,0,0,0,0
31,4,0,0,0,0
31,5,0,0,0,0
31,6,0,0,0,0
31,7,0,0,0,0
31,8,0,9.919097305379225e-11,9.838849135358139e-21,1
31,9,0,1.468271723891393e-10,2.155821855179004e-20,1
31,10,0,0,0,0
31,11,0,0,0,0
31,12,0,0,0,0
31,13,0,0,0,0
31,14,0,0,0,0
31,15,0,0,0,0
31,16,0,0,0,0
31,17,0,2.168680042506248e-08,4.703173126764903e-16,1
31,18,0,0,0,0
31,19,0,0,0,0
31,20,0,1.514596524101024e-08,1.112488293316085e-16,5
31,21,0,9.089351112165465e-09,2.37007009660866e-17,4
31,22,0,3.054177267087051e-06,9.214026920160113e-12,6
31,23,0,2.972309459857941e-06,8.722471082327701e-12,4
31,24,0,1.172578289894255e-08,6.403131321366502e-17,3
31,25,0,1.453587666483664e-08,1.074848507674461e-16,2
31,26,0,3.241232714898213e-06,1.044998959306276e-11,3
31,27,0,2.480479624326721e-08,4.141130900379563e-16,2
31,28,0,3.627403873952867e-06,1.313701351380183e-11,3
31,29,0,1.538115457350053e-08,1.58288087836626e-16,2
31,30,0,0,0,0
31,31,0,1.300091291316935e-08,1.690237365758134e-16,1
31,32,0,0,0,0
31,33,0,3.7372197119416e-09,1.396681117532485e-17,1
31,34,0,0,0,0
31,35,0,3.335650403239708e-11,1.112656361263323e-21,1
31,36,0,9.044157523661312e-09,8.179678531279951e-17,1
31,37,0,8.6267725119916e-11,7.442120397365388e-21,1
31,38,0,0,0,0
31,39,0,0,0,0
31,40,0,0,0,0
31,41,0,0,0,0
31,42,0,0,0,0
31,43,0,0,0,0
31,44,0,0,0,0
31,45,0,0,0,0
31,46,0,2.614772985908975e-10,4.299498484096935e-20,2
31,47,0,0,0,0
31,48,0,0,0,0
31,49,0,0,0,0
31,50,0,1.120993323334146e-11,1.256626030959733e-22,1
32,0,0,1.120993323334146e-11,1.256626030959733e-22,1
32,1,0,0,0,0
32,2,0,0,0,0
32,3,0,0,0,0
32,4,0,0,0,0
32,5,0,0,0,0
32,6,0,0,0,0
32,7,0,0,0,0
32,8,0,0,0,0
32,9,0,0,0,0
32,10,0,0,0,0
32,11,0,0,0,0
32,12,0,0,0,0
32,13,0,0,0,0
32,14,0,1.407453519292173e-09,1.129360682841473e-18,3
32,15,0,0,0,0
32,16,0,0,0,0
32,17,0,1.18784645003353e-08,1.39719217142104e-16,2
32,18,0,2.926675665982623e-11,8.565430453854833e-22,1
32,19,0,4.691415793074728e-06,2.19611140069984e-11,3
32,20,0,4.340302451548901e-06,1.859518966645713e-11,6
32,21,0,6.028331492166986e-08,1.478683382870902e-15,4
32,22,0,2.921947419408956e-06,8.372092991711688e-12,5
32,23,0,2.86941602426012e-06,8.054926744993554e-12,3
32,24,0,9.808212226648642e-09,9.62010270829799e-17,1
32,25,0,2.641244487535264e-09,6.97617244293542e-18,1
32,26,0,4.008959750505207e-06,1.599332822057342e-11,5
32,27,0,3.233227911233671e-06,1.038406542442055e-11,5
32,28,0,2.742638896314676e-06,7.466396773664193e-12,3
32,29,0,3.693938550899218e-06,1.364518201781942e-11,1
32,30,0,5.805309064693279e-10,3.077641869017327e-19,2
32,31,0,2.866020901406321e-06,8.214075807297902e-12,1
32,32,0,1.312823077452835e-08,1.723504432692732e-16,1
32,33,0,0,0,0
32,34,0,0,0,0
32,35,0,0,0,0
32,36,0,0,0,0
32,37,0,0,0,0
32,38,0,0,0,0
32,39,0,0,0,0
32,40,0,0,0,0
32,41,0,1.822818059360261e-10,3.322665677529908e-20,1
32,42,0,0,0,0
32,43,0,0,0,0
32,44,0,0,0,0
32,45,0,0,0,0
32,46,0,0,0,0
32,47,0,0,0,0
32,48,0,0,0,0
32,49,0,0,0,0
32,50,0,9.26822514072906e-11,5.105442301966461e-21,4
33,0,0,1.120993323334146e-11,1.256626030959733e-22,1
33,1,0,0,0,0
33,2,0,0,0,0
33,3,0,0,0,0
33,4,0,0,0,0
33,5,0,0,0,0
33,6,0,1.334340468979356e-09,1.780464487156047e-18,1
33,7,0,0,0,0
33,8,0,0,0,0
33,9,0,0,0,0
33,10,0,0,0,0
33,11,0,0,0,0
33,12,0,0,0,0
33,13,0,0,0,0
33,14,0,1.308004130382748e-10,1.442754546307014e-20,2
33,15,0,0,0,0
33,16,0,0,0,0
33,17,0,3.023595888706065e-09,9.142132098200219e-18,1
33,18,0,3.359003064085468e-06,1.12478292998017e-11,2
33,19,0,3.342148639591352e-06,1.099744622079846e-11,5
33,20,0,1.502321977103616e-09,2.256971322888517e-18,1
33,21,0,0,0,0
33,22,0,6.102627747202261e-06,1.862164923576397e-11,2
33,23,0,3.194358448170472e-06,1.017822627974807e-11,2
33,24,0,3.304561766232531e-09,1.092012846684587e-17,1
33,25,0,6.816136225249069e-09,3.643241385344144e-17,2
33,26,0,1.678045814499433e-05,7.649548718207946e-11,4
33,27,0,4.095891413642302e-06,1.637000252449429e-11,3
33,28,0,3.174322617248769e-10,1.007632407837707e-19,1
33,29,0,5.882766705330298e-11,3.460694410934269e-21,1
33,30,0,0,0,0
33,31,0,0,0,0
33,32,0,0,0,0
33,33,0,0,0,0
33,34,0,0,0,0
33,35,0,0,0,0
33,36,0,0,0,0
33,37,0,0,0,0
33,38,0,0,0,0
33,39,0,0,0,0
33,40,0,0,0,0
33,41,0,0,0,0
33,42,0,0,0,0
33,43,0,0,0,0
33,44,0,0,0,0
33,45,0,0,0,0
33,46,0,0,0,0
33,47,0,0,0,0
33,48,0,0,0,0
33,49,0,0,0,0
33,50,0,0,0,0
34,0,0,0,0,0
34,1,0,0,0,0
34,2,0,0,0,0
34,3,0,0,0,0
34,4,0,3.969986540795249e-09,1.576079313409543e-17,1
34,5,0,0,0,0
34,6,0,0,0,0
34,7,0,1.245022730454726e-09,1.550081599348941e-18,1
34,8,0,0,0,0
34,9,0,0,0,0
34,10,0,1.013154021308039e-10,1.02648107089265e-20,1
34,11,0,0,0,0
34,12,0,2.210377563612521e-09,4.885768973721625e-18,1
34,13,0,0,0,0
34,14,0,0,0,0
34,15,0,0,0,0
34,16,0,0,0,0
34,17,0,2.938839475866652e-06,8.472632079578363e-12,2
34,18,0,4.134620132498317e-06,1.688115810617308e-11,3
34,19,0,1.711502557783178e-08,9.993070711290913e-17,3
34,20,0,2.536868435495814e-09,6.43570145901498e-18,1
34,21,0,1.86468198024652e-09,3.477038887456085e-18,1
34,22,0,1.624529594974104e-11,2.639096404946727e-22,1
34,23,0,1.413529353143535e-09,1.998065232198382e-18,1
34,24,0,3.0726170234183e-06,9.343576315557684e-12,2
34,25,0,1.531970700114642e-09,2.346934226009746e-18,1
34,26,0,1.757738967369141e-09,3.089646277407934e-18,1
34,27,0,5.384108885656665e-09,2.898862849260705e-17,1
34,28,0,0,0,0
34,29,0,0,0,0
34,30,0,0,0,0
34,31,0,0,0,0
34,32,0,0,0,0
34,33,0,4.759175173013567e-10,2.264974832742871e-19,1
34,34,0,3.07069706898698e-10,9.429180489485232e-20,1
34,35,0,0,0,0
34,36,0,0,0,0
34,37,0,0,0,0
34,38,0,0,0,0
34,39,0,0,0,0
34,40,0,0,0,0
34,41,0,0,0,0
34,42,0,0,0,0
34,43,0,7.376301036530146e-11,5.440981698151571e-21,1
34,44,0,0,0,0
34,45,0,0,0,0
34,46,0,0,0,0
34,47,0,0,0,0
34,48,0,0,0,0
34,49,0,0,0,0
34,50,0,0,0,0
35,0,0,0,0,0
35,1,0,0,0,0
35,2,0,0,0,0
35,3,0,0,0,0
35,4,0,0,0,0
35,5,0,0,0,0
35,6,0,7.151455997615344e-10,5.114332288582848e-19,1
35,7,0,1.025884457872449e-09,1.029690053554694e-18,2
35,8,0,0,0,0
35,9,0,0,0,0
35,10,0,0,0,0
35,11,0,2.605801920584866e-10,6.790203649323777e-20,1
35,12,0,0,0,0
35,13,0,2.355614582664516e-10,5.548920062061725e-20,1
35,14,0,0,0,0
35,15,0,0,0,0
35,16,0,0,0,0
35,17,0,0,0,0
35,18,0,7.033740197645787e-06,4.947350116797819e-11,1
35,19,0,0,0,0
35,20,0,2.193873019463576e-08,4.813078825530228e-16,1
35,21,0,1.601288032869544e-09,2.172911648287542e-18,2
35,22,0,0,0,0
35,23,0,0,0,0
35,24,0,0,0,0
35,25,0,0,0,0
35,26,0,0,0,0
35,27,0,8.958438826432173e-09,7.990061582944424e-17,2
35,28,0,3.071484862489049e-06,9.433950398470227e-12,2
35,29,0,5.823863181528062e-10,3.2602734139751e-19,2
35,30,0,0,0,0
35,31,0,0,0,0
35,32,0,0,0,0
35,33,0,0,0,0
35,34,0,8.187532809604214e-11,6.703569350834548e-21,1
35,35,0,0,0,0
35,36,0,1.120993323334146e-11,1.256626030959733e-22,1
35,37,0,3.405301234850908e-10,1.159607650007712e-19,1
35,38,0,0,0,0
35,39,0,0,0,0
35,40,0,0,0,0
35,41,0,0,0,0
35,42,0,0,0,0
35,43,0,0,0,0
35,44,0,0,0,0
35,45,0,0,0,0
35,46,0,0,0,0
35,47,0,0,0,0
35,48,0,0,0,0
35,49,0,1.965401801501646e-07,3.862804241345914e-14,1
35,50,0,4.223758567656235e-08,1.783066934079408e-15,2
36,0,0,0,0,0
36,1,0,0,0,0
36,2,0,0,0,0
36,3,0,0,0,0
36,4,0,0,0,0
36,5,0,0,0,0
36,6,0,0,0,0
36,7,0,0,0,0
36,8,0,0,0,0
36,9,0,0,0,0
36,10,0,0,0,0
36,11,0,0,0,0
36,12,0,0,0,0
36,13,0,6.940339397820891e-12,4.816831095694485e-23,1
36,14,0,1.647212651175703e-10,2.713309518193289e-20,1
36,15,0,0,0,0
36,16,0,0,0,0
36,17,0,0,0,0
36,18,0,7.070572292514928e-10,4.99929925436798e-19,1
36,19,0,1.120993323334146e-11,1.256626030959733e-22,1
36,20,0,0,0,0
36,21,0,0,0,0
36,22,0,4.203739977175829e-09,1.767142979570624e-17,1
36,23,0,0,0,0
36,24,0,0,0,0
36,25,0,0,0,0
36,26,0,0,0,0
36,27,0,0,0,0
36,28,0,8.28360916455013e-10,6.861818079101892e-19,1
36,29,0,2.030698735751572e-10,4.123737355383032e-20,1
36,30,0,0,0,0
36,31,0,0,0,0
36,32,0,0,0,0
36,33,0,0,0,0
36,34,0,2.083748796220757e-10,4.342009045751454e-20,1
36,35,0,0,0,0
36,36,0,0,0,0
36,37,0,0,0,0
36,38,0,0,0,0
36,39,0,1.120993323334146e-11,1.256626030959733e-22,1
36,40,0,4.081437473031009e-10,1.665813184626175e-19,1
36,41,0,0,0,0
36,42,0,0,0,0
36,43,0,0,0,0
36,44,0,0,0,0
36,45,0,0,0,0
36,46,0,0,0,0
36,47,0,0,0,0
36,48,0,0,0,0
36,49,0,0,0,0
36,50,0,1.120993323334146e-11,1.256626030959733e-22,1
37,0,0,0,0,0
37,1,0,0,0,0
37,2,0,0,0,0
37,3,0,0,0,0
37,4,0,0,0,0
37,5,0,0,0,0
37,6,0,0,0,0
37,7,0,0,0,0
37,8,0,0,0,0
37,9,0,0,0,0
37,10,0,2.004877462176012e-09,4.019533638341328e-18,1
37,11,0,0,0,0
37,12,0,0,0,0
37,13,0,0,0,0
37,14,0,0,0,0
37,15,0,0,0,0
37,16,0,0,0,0
37,17,0,5.342058051197845e-10,2.853758422236772e-19,1
37,18,0,0,0,0
37,19,0,0,0,0
37,20,0,0,0,0
37,21,0,6.61721687458664e-09,4.363945337181107e-17,2
37,22,0,3.187653039782795e-09,1.016113190203649e-17,1
37,23,0,0,0,0
37,24,0,0,0,0
37,25,0,0,0,0
37,26,0,0,0,0
37,27,0,0,0,0
37,28,0,0,0,0
37,29,0,0,0,0
37,30,0,0,0,0
37,31,0,0,0,0
37,32,0,0,0,0
37,33,0,0,0,0
37,34,0,0,0,0
37,35,0,0,0,0
37,36,0,0,0,0
37,37,0,0,0,0
37,38,0,0,0,0
37,39,0,0,0,0
37,40,0,0,0,0
37,41,0,0,0,0
37,42,0,0,0,0
37,43,0,0,0,0
37,44,0,0,0,0
37,45,0,0,0,0
37,46,0,0,0,0
37,47,0,0,0,0
37,48,0,0,0,0
37,49,0,0,0,0
37,50,0,0,0,0
38,0,0,2.241986646668292e-11,2.513252061919466e-22,2
38,1,0,0,0,0
38,2,0,0,0,0
38,3,0,0,0,0
38,4,0,0,0,0
38,5,0,0,0,0
38,6,0,0,0,0
38,7,0,0,0,0
38,8,0,5.26589112692431e-09,2.772960936062018e-17,1
38,9,0,0,0,0
38,10,0,0,0,0
38,11,0,0,0,0
38,12,0,0,0,0
38,13,0,0,0,0
38,14,0,0,0,0
38,15,0,1.411952784683386e-09,1.993610666175167e-18,1
38,16,0,0,0,0
38,17,0,0,0,0
38,18,0,0,0,0
38,19,0,0,0,0
38,20,0,2.949116146541531e-06,8.697286045791971e-12,1
38,21,0,5.097483582746262e-09,1.973409760323791e-17,2
38,22,0,0,0,0
38,23,0,0,0,0
38,24,0,0,0,0
38,25,0,0,0,0
38,26,0,0,0,0
38,27,0,0,0,0
38,28,0,3.720956472291229e-11,1.384551706868599e-21,1
38,29,0,0,0,0
38,30,0,0,0,0
38,31,0,0,0,0
38,32,0,0,0,0
38,33,0,0,0,0
38,34,0,0,0,0
38,35,0,1.406252407378252e-09,1.97754583325713e-18,1
38,36,0,0,0,0
38,37,0,0,0,0
38,38,0,0,0,0
38,39,0,0,0,0
38,40,0,0,0,0
38,41,0,0,0,0
38,42,0,0,0,0
38,43,0,0,0,0
38,44,0,0,0,0
38,45,0,0,0,0
38,46,0,0,0,0
38,47,0,0,0,0
38,48,0,0,0,0
38,49,0,0,0,0
38,50,0,1.120993323334146e-11,1.256626030959733e-22,1
39,0,0,1.215315414500505e-11,1.476991556722535e-22,1
39,1,0,0,0,0
39,2,0,0,0,0
39,3,0,0,0,0
39,4,0,0,0,0
39,5,0,0,0,0
39,6,0,0,0,0
39,7,0,0,0,0
39,8,0,0,0,0
39,9,0,0,0,0
39,10,0,0,0,0
39,11,0,0,0,0
39,12,0,0,0,0
39,13,0,0,0,0
39,14,0,0,0,0
39,15,0,0,0,0
39,16,0,0,0,0
39,17,0,0,0,0
39,18,0,0,0,0
39,19,0,0,0,0
39,20,0,0,0,0
39,21,0,2.547306688050188e-10,6.488771362985219e-20,1
39,22,0,0,0,0
39,23,0,0,0,0
39,24,0,0,0,0
39,25,0,3.238662230374513e-11,1.048893304245441e-21,1
39,26,0,0,0,0
39,27,0,0,0,0
39,28,0,2.187411832729867e-09,2.404913537315303e-18,2
39,29,0,0,0,0
39,30,0,0,0,0
39,31,0,0,0,0
39,32,0,0,0,0
39,33,0,0,0,0
39,34,0,0,0,0
39,35,0,0,0,0
39,36,0,0,0,0
39,37,0,0,0,0
39,38,0,0,0,0
39,39,0,0,0,0
39,40,0,0,0,0
39,41,0,0,0,0
39,42,0,0,0,0
39,43,0,0,0,0
39,44,0,0,0,0
39,45,0,0,0,0
39,46,0,0,0,0
39,47,0,0,0,0
39,48,0,0,0,0
39,49,0,0,0,0
39,50,0,0,0,0
40,0,0,0,0,0
40,1,0,0,0,0
40,2,0,0,0,0
40,3,0,0,0,0
40,4,0,0,0,0
40,5,0,0,0,0
40,6,0,0,0,0
40,7,0,0,0,0
40,8,0,0,0,0
40,9,0,0,0,0
40,10,0,0,0,0
40,11,0,0,0,0
40,12,0,0,0,0
40,13,0,0,0,0
40,14,0,0,0,0
40,15,0,0,0,0
40,16,0,0,0,0
40,17,0,8.932009497744416e-12,7.978079366779645e-23,1
40,18,0,0,0,0
40,19,0,0,0,0
40,20,0,2.004605365263369e-10,2.111980848609163e-20,2
40,21,0,2.781092247690467e-11,7.734474090164015e-22,1
40,22,0,0,0,0
40,23,0,0,0,0
40,24,0,0,0,0
40,25,0,0,0,0
40,26,0,0,0,0
40,27,0,0,0,0
40,28,0,0,0,0
40,29,0,0,0,0
40,30,0,0,0,0
40,31,0,0,0,0
40,32,0,0,0,0
40,33,0,0,0,0
40,34,0,0,0,0
40,35,0,0,0,0
40,36,0,0,0,0
40,37,0,0,0,0
40,38,0,0,0,0
40,39,0,0,0,0
40,40,0,0,0,0
40,41,0,9.733418360765663e-10,9.473943298569015e-19,1
40,42,0,0,0,0
40,43,0,0,0,0
40,44,0,0,0,0
40,45,0,0,0,0
40,46,0,0,0,0
40,47,0,0,0,0
40,48,0,0,0,0
40,49,0,0,0,0
40,50,0,0,0,0
41,0,0,0,0,0
41,1,0,0,0,0
41,2,0,0,0,0
41,3,0,0,0,0
41,4,0,0,0,0
41,5,0,0,0,0
41,6,0,0,0,0
41,7,0,0,0,0
41,8,0,0,0,0
41,9,0,0,0,0
41,10,0,0,0,0
41,11,0,3.76596959797498e-10,1.418252701287184e-19,1
41,12,0,1.120993323334146e-11,1.256626030959733e-22,1
41,13,0,8.412166190065302e-11,7.076454000927777e-21,1
41,14,0,0,0,0
41,15,0,0,0,0
41,16,0,0,0,0
41,17,0,0,0,0
41,18,0,0,0,0
41,19,0,0,0,0
41,20,0,0,0,0
41,21,0,0,0,0
41,22,0,0,0,0
41,23,0,7.785100981909e-11,6.060779729852048e-21,1
41,24,0,0,0,0
41,25,0,3.40308660162552e-11,1.158099841816313e-21,1
41,26,0,1.120993323334146e-11,1.256626030959733e-22,1
41,27,0,0,0,0
41,28,0,0,0,0
41,29,0,0,0,0
41,30,0,0,0,0
41,31,0,0,0,0
41,32,0,0,0,0
41,33,0,0,0,0
41,34,0,4.466794657097914e-10,1.995225450867847e-19,1
41,35,0,0,0,0
41,36,0,0,0,0
41,37,0,0,0,0
41,38,0,1.120993323334146e-11,1.256626030959733e-22,1
41,39,0,2.958299742446771e-11,8.75153736616063e-22,1
41,40,0,0,0,0
41,41,0,0,0,0
41,42,0,0,0,0
41,43,0,0,0,0
41,44,0,1.44683271562025e-10,2.093324906989069e-20,1
41,45,0,0,0,0
41,46,0,0,0,0
41,47,0,0,0,0
41,48,0,0,0,0
41,49,0,6.369890803000636e-11,4.057550884215209e-21,1
41,50,0,1.120993323334146e-11,1.256626030959733e-22,1
42,0,0,0,0,0
42,1,0,0,0,0
42,2,0,0,0,0
42,3,0,0,0,0
42,4,0,0,0,0
42,5,0,0,0,0
42,6,0,0,0,0
42,7,0,0,0,0
42,8,0,0,0,0
42,9,0,0,0,0
42,10,0,0,0,0
42,11,0,0,0,0
42,12,0,0,0,0
42,13,0,0,0,0
42,14,0,0,0,0
42,15,0,1.120993323334146e-11,1.256626030959733e-22,1
42,16,0,0,0,0
42,17,0,0,0,0
42,18,0,3.264669886007029e-11,1.065806946460115e-21,1
42,19,0,5.331973205282555e-10,2.842993826185112e-19,1
42,20,0,0,0,0
42,21,0,0,0,0
42,22,0,1.047717919816865e-10,1.097712839505378e-20,1
42,23,0,0,0,0
42,24,0,0,0,0
42,25,0,0,0,0
42,26,0,1.020969956181382e-09,1.042379651425012e-18,1
42,27,0,0,0,0
42,28,0,0,0,0
42,29,0,0,0,0
42,30,0,0,0,0
42,31,0,0,0,0
42,32,0,0,0,0
42,33,0,0,0,0
42,34,0,6.786156177694662e-11,4.605191566806343e-21,1
42,35,0,0,0,0
42,36,0,0,0,0
42,37,0,4.03838842598476e-11,1.630858107912767e-21,1
42,38,0,5.481355709255365e-10,3.004526041138639e-19,1
42,39,0,0,0,0
42,40,0,0,0,0
42,41,0,0,0,0
42,42,0,0,0,0
42,43,0,0,0,0
42,44,0,0,0,0
42,45,0,0,0,0
42,46,0,0,0,0
42,47,0,0,0,0
42,48,0,0,0,0
42,49,0,0,0,0
42,50,0,0,0,0
43,0,0,1.137370693433787e-11,1.293612094282053e-22,1
43,1,0,0,0,0
43,2,0,0,0,0
43,3,0,0,0,0
43,4,0,0,0,0
43,5,0,0,0,0
43,6,0,0,0,0
43,7,0,0,0,0
43,8,0,0,0,0
43,9,0,0,0,0
43,10,0,0,0,0
43,11,0,0,0,0
43,12,0,0,0,0
43,13,0,0,0,0
43,14,0,7.118265595899556e-10,5.066970509376726e-19,1
43,15,0,0,0,0
43,16,0,0,0,0
43,17,0,0,0,0
43,18,0,0,0,0
43,19,0,0,0,0
43,20,0,0,0,0
43,21,0,0,0,0
43,22,0,0,0,0
43,23,0,0,0,0
43,24,0,0,0,0
43,25,0,0,0,0
43,26,0,0,0,0
43,27,0,0,0,0
43,28,0,0,0,0
43,29,0,0,0,0
43,30,0,0,0,0
43,31,0,0,0,0
43,32,0,0,0,0
43,33,0,8.182497406523779e-11,6.695326380776837e-21,1
43,34,0,0,0,0
43,35,0,0,0,0
43,36,0,0,0,0
43,37,0,1.920579188427893e-10,3.688624419022344e-20,1
43,38,0,0,0,0
43,39,0,0,0,0
43,40,0,0,0,0
43,41,0,0,0,0
43,42,0,0,0,0
43,43,0,0,0,0
43,44,0,0,0,0
43,45,0,0,0,0
43,46,0,0,0,0
43,47,0,0,0,0
43,48,0,0,0,0
43,49,0,0,0,0
43,50,0,1.120993323334146e-11,1.256626030959733e-22,1
44,0,0,0,0,0
44,1,0,0,0,0
44,2,0,0,0,0
44,3,0,0,0,0
44,4,0,0,0,0
44,5,0,0,0,0
44,6,0,0,0,0
44,7,0,0,0,0
44,8,0,0,0,0
44,9,0,0,0,0
44,10,0,5.718882838933122e-10,3.270562092544376e-19,1
44,11,0,1.120993323334146e-11,1.256626030959733e-22,1
44,12,0,0,0,0
44,13,0,0,0,0
44,14,0,0,0,0
44,15,0,0,0,0
44,16,0,2.111272050407915e-10,4.457469670833644e-20,1
44,17,0,0,0,0
44,18,0,0,0,0
44,19,0,0,0,0
44,20,0,0,0,0
44,21,0,0,0,0
44,22,0,0,0,0
44,23,0,0,0,0
44,24,0,0,0,0
44,25,0,0,0,0
44,26,0,0,0,0
44,27,0,0,0,0
44,28,0,0,0,0
44,29,0,0,0,0
44,30,0,0,0,0
44,31,0,0,0,0
44,32,0,0,0,0
44,33,0,1.120993323334146e-11,1.256626030959733e-22,1
44,34,0,0,0,0
44,35,0,0,0,0
44,36,0,0,0,0
44,37,0,0,0,0
44,38,0,0,0,0
44,39,0,0,0,0
44,40,0,0,0,0
44,41,0,0,0,0
44,42,0,0,0,0
44,43,0,0,0,0
44,44,0,0,0,0
44,45,0,0,0,0
44,46,0,6.453409252450253e-10,4.164649097961054e-19,1
44,47,0,0,0,0
44,48,0,0,0,0
44,49,0,0,0,0
44,50,0,0,0,0
45,0,0,0,0,0
45,1,0,0,0,0
45,2,0,0,0,0
45,3,0,0,0,0
45,4,0,0,0,0
45,5,0,0,0,0
45,6,0,0,0,0
45,7,0,0,0,0
45,8,0,0,0,0
45,9,0,0,0,0
45,10,0,0,0,0
45,11,0,0,0,0
45,12,0,0,0,0
45,13,0,0,0,0
45,14,0,0,0,0
45,15,0,0,0,0
45,16,0,0,0,0
45,17,0,0,0,0
45,18,0,0,0,0
45,19,0,0,0,0
45,20,0,0,0,0
45,21,0,0,0,0
45,22,0,0,0,0
45,23,0,0,0,0
45,24,0,0,0,0
45,25,0,0,0,0
45,26,0,0,0,0
45,27,0,0,0,0
45,28,0,0,0,0
45,29,0,0,0,0
45,30,0,0,0,0
45,31,0,0,0,0
45,32,0,2.042517042237287e-10,4.171875867829757e-20,1
45,33,0,0,0,0
45,34,0,0,0,0
45,35,0,0,0,0
45,36,0,0,0,0
45,37,0,0,0,0
45,38,0,0,0,0
45,39,0,0,0,0
45,40,0,0,0,0
45,41,0,0,0,0
45,42,0,0,0,0
45,43,0,0,0,0
45,44,0,0,0,0
45,45,0,2.444676341869545e-10,5.976442416496661e-20,1
45,46,0,0,0,0
45,47,0,0,0,0
45,48,0,0,0,0
45,49,0,0,0,0
45,50,0,0,0,0
46,0,0,0,0,0
46,1,0,0,0,0
46,2,0,0,0,0
46,3,0,0,0,0
46,4,0,0,0,0
46,5,0,0,0,0
46,6,0,0,0,0
46,7,0,0,0,0
46,8,0,0,0,0
46,9,0,0,0,0
46,10,0,0,0,0
46,11,0,0,0,0
46,12,0,0,0,0
46,13,0,6.347503749386087e-10,4.029080384847044e-19,1
46,14,0,1.120993323334146e-11,1.256626030959733e-22,1
46,15,0,6.842337063283721e-10,4.681757648758611e-19,1
46,16,0,0,0,0
46,17,0,0,0,0
46,18,0,0,0,0
46,19,0,0,0,0
46,20,0,0,0,0
46,21,0,0,0,0
46,22,0,0,0,0
46,23,0,0,0,0
46,24,0,0,0,0
46,25,0,0,0,0
46,26,0,0,0,0
46,27,0,0,0,0
46,28,0,0,0,0
46,29,0,9.05017239127572e-10,8.19056203118093e-19,1
46,30,0,0,0,0
46,31,0,0,0,0
46,32,0,0,0,0
46,33,0,0,0,0
46,34,0,0,0,0
46,35,0,0,0,0
46,36,0,0,0,0
46,37,0,0,0,0
46,38,0,0,0,0
46,39,0,0,0,0
46,40,0,0,0,0
46,41,0,5.254291998363578e-09,2.760758440406751e-17,1
46,42,0,0,0,0
46,43,0,0,0,0
46,44,0,0,0,0
46,45,0,0,0,0
46,46,0,0,0,0
46,47,0,0,0,0
46,48,0,0,0,0
46,49,0,0,0,0
46,50,0,1.120993323334146e-11,1.256626030959733e-22,1
47,0,0,1.120993323334146e-11,1.256626030959733e-22,1
47,1,0,0,0,0
47,2,0,0,0,0
47,3,0,0,0,0
47,4,0,0,0,0
47,5,0,0,0,0
47,6,0,0,0,0
47,7,0,4.324332610399888e-10,1.869985252536791e-19,1
47,8,0,0,0,0
47,9,0,1.190491765771038e-10,1.417270644368644e-20,1
47,10,0,0,0,0
47,11,0,0,0,0
47,12,0,0,0,0
47,13,0,1.390510033426177e-07,1.933518153058867e-14,1
47,14,0,0,0,0
47,15,0,0,0,0
47,16,0,0,0,0
47,17,0,0,0,0
47,18,0,0,0,0
47,19,0,0,0,0
47,20,0,0,0,0
47,21,0,0,0,0
47,22,0,0,0,0
47,23,0,0,0,0
47,24,0,0,0,0
47,25,0,1.986120367746943e-10,3.944674115179251e-20,1
47,26,0,0,0,0
47,27,0,0,0,0
47,28,0,0,0,0
47,29,0,0,0,0
47,30,0,0,0,0
47,31,0,0,0,0
47,32,0,0,0,0
47,33,0,0,0,0
47,34,0,0,0,0
47,35,0,0,0,0
47,36,0,0,0,0
47,37,0,0,0,0
47,38,0,0,0,0
47,39,0,0,0,0
47,40,0,0,0,0
47,41,0,0,0,0
47,42,0,0,0,0
47,43,0,0,0,0
47,44,0,0,0,0
47,45,0,0,0,0
47,46,0,0,0,0
47,47,0,0,0,0
47,48,0,0,0,0
47,49,0,5.047344700876841e-11,2.547568852946952e-21,1
47,50,0,2.241986646668292e-11,2.513252061919466e-22,2
48,0,0,0,0,0
48,1,0,0,0,0
48,2,0,0,0,0
48,3,0,0,0,0
48,4,0,0,0,0
48,5,0,0,0,0
48,6,0,0,0,0
48,7,0,0,0,0
48,8,0,0,0,0
48,9,0,0,0,0
48,10,0,0,0,0
48,11,0,0,0,0
48,12,0,0,0,0
48,13,0,0,0,0
48,14,0,0,0,0
48,15,0,0,0,0
48,16,0,0,0,0
48,17,0,0,0,0
48,18,0,0,0,0
48,19,0,0,0,0
48,20,0,0,0,0
48,21,0,3.821800152834181e-08,1.460615640820337e-15,1
48,22,0,1.887442346745641e-08,3.562438612288692e-16,1
48,23,0,0,0,0
48,24,0,0,0,0
48,25,0,0,0,0
48,26,0,0,0,0
48,27,0,0,0,0
48,28,0,0,0,0
48,29,0,1.798533080385616e-09,3.234721241241372e-18,1
48,30,0,1.120993323334146e-11,1.256626030959733e-22,1
48,31,0,0,0,0
48,32,0,0,0,0
48,33,0,6.170090996796826e-10,3.807002290875326e-19,1
48,34,0,0,0,0
48,35,0,0,0,0
48,36,0,0,0,0
48,37,0,0,0,0
48,38,0,0,0,0
48,39,0,0,0,0
48,40,0,0,0,0
48,41,0,0,0,0
48,42,0,0,0,0
48,43,0,0,0,0
48,44,0,0,0,0
48,45,0,0,0,0
48,46,0,0,0,0
48,47,0,0,0,0
48,48,0,0,0,0
48,49,0,0,0,0
48,50,0,0,0,0
49,0,0,0,0,0
49,1,0,0,0,0
49,2,0,0,0,0
49,3,0,0,0,0
49,4,0,0,0,0
49,5,0,0,0,0
49,6,0,0,0,0
49,7,0,0,0,0
49,8,0,0,0,0
49,9,0,0,0,0
49,10,0,0,0,0
49,11,0,0,0,0
49,12,0,0,0,0
49,13,0,0,0,0
49,14,0,0,0,0
49,15,0,0,0,0
49,16,0,0,0,0
49,17,0,0,0,0
49,18,0,6.493189203545396e-11,4.21615060330385e-21,1
49,19,0,0,0,0
49,20,0,0,0,0
49,21,0,1.521455551255876e-05,2.314826994447322e-10,1
49,22,0,1.8692924729118e-08,3.494254349284713e-16,1
49,23,0,0,0,0
49,24,0,0,0,0
49,25,0,0,0,0
49,26,0,0,0,0
49,27,0,0,0,0
49,28,0,0,0,0
49,29,0,0,0,0
49,30,0,0,0,0
49,31,0,0,0,0
49,32,0,0,0,0
49,33,0,1.552528203927528e-07,2.410343823990435e-14,1
49,34,0,0,0,0
49,35,0,0,0,0
49,36,0,0,0,0
49,37,0,0,0,0
49,38,0,0,0,0
49,39,0,6.923625793970631e-08,4.793659413493544e-15,1
49,40,0,0,0,0
49,41,0,3.575134793760601e-10,1.278158879355766e-19,1
49,42,0,0,0,0
49,43,0,0,0,0
49,44,0,0,0,0
49,45,0,0,0,0
49,46,0,0,0,0
49,47,0,0,0,0
49,48,0,0,0,0
49,49,0,0,0,0
49,50,0,1.120993323334146e-11,1.256626030959733e-22,1
50,0,0,0,0,0
50,1,0,0,0,0
50,2,0,3.362979970002438e-11,3.769878092879199e-22,3
50,3,0,0,0,0
50,4,0,0,0,0
50,5,0,0,0,0
50,6,0,0,0,0
50,7,0,0,0,0
50,8,0,0,0,0
50,9,0,1.120993323334146e-11,1.256626030959733e-22,1
50,10,0,0,0,0
50,11,0,1.120993323334146e-11,1.256626030959733e-22,1
50,12,0,1.120993323334146e-11,1.256626030959733e-22,1
50,13,0,0,0,0
50,14,0,0,0,0
50,15,0,0,0,0
50,16,0,1.120993323334146e-11,1.256626030959733e-22,1
50,17,0,1.18033512602663e-11,1.260147480506527e-22,2
50,18,0,0,0,0
50,19,0,0,0,0
50,20,0,0,0,0
50,21,0,0,0,0
50,22,0,1.120993323334146e-11,1.256626030959733e-22,1
50,23,0,0,0,0
50,24,0,1.327883549636013e-11,1.763274721393939e-22,1
50,25,0,1.120993323334146e-11,1.256626030959733e-22,1
50,26,0,2.241986646668292e-11,2.513252061919466e-22,2
50,27,0,1.120993323334146e-11,1.256626030959733e-22,1
50,28,0,1.155274617597909e-11,1.334659442065994e-22,1
50,29,0,0,0,0
50,30,0,0,0,0
50,31,0,0,0,0
50,32,0,1.120993323334146e-11,1.256626030959733e-22,1
50,33,0,0.00015929932685085,2.537627553513394e-08,1
50,34,0,1.120993323334146e-11,1.256626030959733e-22,1
50,35,0,0,0,0
50,36,0,2.241986646668292e-11,2.513252061919466e-22,2
50,37,0,1.120993323334146e-11,1.256626030959733e-22,1
50,38,0,0,0,0
50,39,0,2.301328449360776e-11,2.51677351146626e-22,3
50,40,0,0,0,0
50,41,0,3.362979970002438e-11,3.769878092879199e-22,3
50,42,0,1.120993323334146e-11,1.256626030959733e-22,1
50,43,0,2.241986646668292e-11,2.513252061919466e-22,2
50,44,0,2.241986646668292e-11,2.513252061919466e-22,2
50,45,0,0,0,0
50,46,0,0,0,0
50,47,0,1.120993323334146e-11,1.256626030959733e-22,1
50,48,0,0,0,0
50,49,0,0,0,0
50,50,0,1.120993323334146e-11,1.256626030959733e-22,1
